0,主体,255,3,255,-0.000054,-0.000644,0.300000,1.000000,0.000000,0.000000,0.000000,1.000000,0.000000,0.000000,0.000000,1.000000,0.000000
1,头部,255,255,2,-0.000054,-0.000644,0.505700,1.000000,0.000000,0.000000,0.000000,1.000000,0.000000,0.000000,0.000000,1.000000,0.000000
2,颈前摆,255,1,3,-0.000054,-0.000644,0.447200,1.000000,0.000000,0.000000,0.000000,1.000000,0.000000,0.000000,0.000000,1.000000,0.000000
3,颈旋转,4,2,0,-0.000054,-0.000644,0.404200,1.000000,0.000000,0.000000,0.000000,1.000000,0.000000,0.000000,0.000000,1.000000,0.000000
4,右大臂前摆,8,5,0,-0.000054,-0.063844,0.404200,1.000000,0.000000,0.000000,0.000000,1.000000,0.000000,0.000000,0.000000,1.000000,0.000000
5,右大臂侧摆,255,6,4,-0.000054,-0.113144,0.404200,1.000000,0.000000,0.000000,0.000000,1.000000,0.000000,0.000000,0.000000,1.000000,0.000000
6,右臂肘前摆,255,7,5,-0.000054,-0.113144,0.295100,1.000000,0.000000,0.000000,0.000000,1.000000,0.000000,0.000000,0.000000,1.000000,0.000000
7,右手端,255,255,6,-0.000054,-0.113144,0.155100,1.000000,0.000000,0.000000,0.000000,1.000000,0.000000,0.000000,0.000000,1.000000,0.000000
8,左大臂前摆,12,9,0,-0.000054,0.062556,0.404200,1.000000,0.000000,0.000000,0.000000,1.000000,0.000000,0.000000,0.000000,1.000000,0.000000
9,左大臂侧摆,255,10,8,-0.000054,0.111856,0.404200,1.000000,0.000000,0.000000,0.000000,1.000000,0.000000,0.000000,0.000000,1.000000,0.000000
10,左臂肘前摆,255,11,9,-0.000054,0.111856,0.295100,1.000000,0.000000,0.000000,0.000000,1.000000,0.000000,0.000000,0.000000,1.000000,0.000000
11,左手端,255,255,10,-0.000054,0.111856,0.155100,1.000000,0.000000,0.000000,0.000000,1.000000,0.000000,0.000000,0.000000,1.000000,0.000000
12,右髋前摆,19,13,0,-0.000054,-0.053444,0.250000,0.811053,0.000000,-0.584972,0.000000,1.000000,0.000000,0.584972,0.000000,0.811053,-0.624846
13,右髋侧摆,255,14,12,-0.000054,-0.053444,0.250000,0.811053,-0.001494,-0.584970,0.000000,0.999997,-0.002554,0.584972,0.002071,0.811051,0.002554
14,右髋旋转,255,15,13,0.063825,-0.053165,0.161433,0.811055,-0.000000,-0.584970,-0.001841,0.999995,-0.002554,0.584967,0.003148,0.811051,-0.001841
15,右膝前摆,255,16,14,0.091143,-0.053046,0.123557,0.650480,-0.000000,0.759523,0.002391,0.999995,-0.002048,-0.759520,0.003148,0.650477,1.487424
16,右踝前摆,255,17,15,-0.000000,-0.052800,0.045500,1.000000,-0.000000,0.000000,0.000000,0.999995,-0.003148,0.000000,0.003148,0.999995,-0.862580
17,右踝侧摆,255,18,16,-0.000000,-0.052800,0.045500,1.000000,-0.000000,-0.000000,0.000000,1.000000,0.000000,0.000000,-0.000000,1.000000,-0.003148
18,右脚端,255,255,17,-0.000000,-0.052800,-0.000000,1.000000,-0.000000,-0.000000,0.000000,1.000000,0.000000,0.000000,-0.000000,1.000000,0.000000
19,左髋前摆,255,20,0,-0.000054,0.052156,0.250000,0.783746,0.000000,-0.621082,0.000000,1.000000,0.000000,0.621082,0.000000,0.783746,-0.670122
20,左髋侧摆,255,21,19,-0.000054,0.052156,0.250000,0.783746,0.000000,-0.621082,0.000000,1.000000,0.000000,0.621082,0.000000,0.783746,0.000000
21,左髋旋转,255,22,20,0.067768,0.052156,0.164415,0.783746,0.000000,-0.621082,0.000000,1.000000,0.000000,0.621082,0.000000,0.783746,-0.000000
22,左膝前摆,255,23,21,0.096773,0.052156,0.127814,0.633728,0.000000,0.773556,0.000000,1.000000,0.000000,-0.773556,0.000000,0.633728,1.554555
23,左踝前摆,255,24,22,0.003946,0.052156,0.051767,1.000000,0.000000,0.000000,0.000000,1.000000,0.000000,-0.000000,0.000000,1.000000,-0.884433
24,左踝侧摆,255,25,23,0.003946,0.052156,0.051767,1.000000,0.000000,0.000000,0.000000,1.000000,0.000000,-0.000000,0.000000,1.000000,0.000000
25,左脚端,255,255,24,0.003946,0.052156,0.006267,1.000000,0.000000,0.000000,0.000000,1.000000,0.000000,-0.000000,0.000000,1.000000,0.000000
0,主体,255,3,255,-0.000364,-0.004382,0.300000,1.000000,0.000000,0.000000,0.000000,1.000000,0.000000,0.000000,0.000000,1.000000,0.000000
1,头部,255,255,2,-0.000364,-0.004382,0.505700,1.000000,0.000000,0.000000,0.000000,1.000000,0.000000,0.000000,0.000000,1.000000,0.000000
2,颈前摆,255,1,3,-0.000364,-0.004382,0.447200,1.000000,0.000000,0.000000,0.000000,1.000000,0.000000,0.000000,0.000000,1.000000,0.000000
3,颈旋转,4,2,0,-0.000364,-0.004382,0.404200,1.000000,0.000000,0.000000,0.000000,1.000000,0.000000,0.000000,0.000000,1.000000,0.000000
4,右大臂前摆,8,5,0,-0.000364,-0.067582,0.404200,0.999899,0.000000,-0.014203,0.000000,1.000000,0.000000,0.014203,0.000000,0.999899,-0.014203
5,右大臂侧摆,255,6,4,-0.000364,-0.116882,0.404200,0.999899,0.000000,-0.014203,0.000000,1.000000,0.000000,0.014203,0.000000,0.999899,0.000000
6,右臂肘前摆,255,7,5,0.001186,-0.116882,0.295111,0.999899,0.000000,-0.014203,0.000000,1.000000,0.000000,0.014203,0.000000,0.999899,0.000000
7,右手端,255,255,6,0.003174,-0.116882,0.155125,0.999899,0.000000,-0.014203,0.000000,1.000000,0.000000,0.014203,0.000000,0.999899,0.000000
8,左大臂前摆,12,9,0,-0.000364,0.058818,0.404200,0.999899,0.000000,0.014203,0.000000,1.000000,0.000000,-0.014203,0.000000,0.999899,0.014203
9,左大臂侧摆,255,10,8,-0.000364,0.108118,0.404200,0.999899,0.000000,0.014203,0.000000,1.000000,0.000000,-0.014203,0.000000,0.999899,0.000000
10,左臂肘前摆,255,11,9,-0.001913,0.108118,0.295111,0.999899,0.000000,0.014203,0.000000,1.000000,0.000000,-0.014203,0.000000,0.999899,0.000000
11,左手端,255,255,10,-0.003902,0.108118,0.155125,0.999899,0.000000,0.014203,0.000000,1.000000,0.000000,-0.014203,0.000000,0.999899,0.000000
12,右髋前摆,19,13,0,-0.000364,-0.057182,0.250000,0.810217,0.000000,-0.586130,0.000000,1.000000,0.000000,0.586130,0.000000,0.810217,-0.626274
13,右髋侧摆,255,14,12,-0.000364,-0.057182,0.250000,0.810217,-0.010175,-0.586042,0.000000,0.999849,-0.017359,0.586130,0.014065,0.810095,0.017360
14,右髋旋转,255,15,13,0.063632,-0.055287,0.161538,0.810281,-0.000000,-0.586042,-0.012555,0.999770,-0.017359,0.585907,0.021424,0.810095,-0.012557
15,右膝前摆,255,16,14,0.091000,-0.054476,0.123706,0.651868,-0.000000,0.758333,0.016247,0.999770,-0.013965,-0.758158,0.021424,0.651718,1.486916
16,右踝前摆,255,17,15,-0.000000,-0.052800,0.045500,1.000000,-0.000000,0.000000,0.000000,0.999770,-0.021424,0.000000,0.021424,0.999770,-0.860751
17,右踝侧摆,255,18,16,-0.000000,-0.052800,0.045500,1.000000,-0.000000,-0.000000,0.000000,1.000000,0.000000,0.000000,-0.000000,1.000000,-0.021426
18,右脚端,255,255,17,-0.000000,-0.052800,-0.000000,1.000000,-0.000000,-0.000000,0.000000,1.000000,0.000000,0.000000,-0.000000,1.000000,0.000000
19,左髋前摆,255,20,0,-0.000364,0.048418,0.250000,0.753990,0.000000,-0.656886,0.000000,1.000000,0.000000,0.656886,0.000000,0.753990,-0.716681
20,左髋侧摆,255,21,19,-0.000364,0.048418,0.250000,0.753990,-0.011298,-0.656788,0.000000,0.999852,-0.017200,0.656886,0.012968,0.753879,0.017201
21,左髋旋转,255,22,20,0.071357,0.050296,0.167676,0.754075,-0.000000,-0.656788,-0.014981,0.999740,-0.017200,0.656618,0.022809,0.753879,-0.014983
22,左膝前摆,255,23,21,0.102029,0.051099,0.132470,0.621293,-0.000000,0.783578,0.017873,0.999740,-0.014171,-0.783374,0.022809,0.621132,1.616956
23,左踝前摆,255,24,22,0.008000,0.052800,0.057934,1.000000,-0.000000,0.000000,0.000000,0.999740,-0.022809,-0.000000,0.022809,0.999740,-0.900404
24,左踝侧摆,255,25,23,0.008000,0.052800,0.057934,1.000000,-0.000000,0.000000,0.000000,1.000000,0.000000,-0.000000,-0.000000,1.000000,-0.022811
25,左脚端,255,255,24,0.008000,0.052800,0.012434,1.000000,-0.000000,0.000000,0.000000,1.000000,0.000000,-0.000000,-0.000000,1.000000,0.000000
0,主体,255,3,255,-0.000896,-0.011044,0.300000,1.000000,0.000000,0.000000,0.000000,1.000000,0.000000,0.000000,0.000000,1.000000,0.000000
1,头部,255,255,2,-0.000896,-0.011044,0.505700,1.000000,0.000000,0.000000,0.000000,1.000000,0.000000,0.000000,0.000000,1.000000,0.000000
2,颈前摆,255,1,3,-0.000896,-0.011044,0.447200,1.000000,0.000000,0.000000,0.000000,1.000000,0.000000,0.000000,0.000000,1.000000,0.000000
3,颈旋转,4,2,0,-0.000896,-0.011044,0.404200,1.000000,0.000000,0.000000,0.000000,1.000000,0.000000,0.000000,0.000000,1.000000,0.000000
4,右大臂前摆,8,5,0,-0.000896,-0.074244,0.404200,0.999597,0.000000,-0.028402,0.000000,1.000000,0.000000,0.028402,0.000000,0.999597,-0.028406
5,右大臂侧摆,255,6,4,-0.000896,-0.123544,0.404200,0.999597,0.000000,-0.028402,0.000000,1.000000,0.000000,0.028402,0.000000,0.999597,0.000000
6,右臂肘前摆,255,7,5,0.002203,-0.123544,0.295144,0.999597,0.000000,-0.028402,0.000000,1.000000,0.000000,0.028402,0.000000,0.999597,0.000000
7,右手端,255,255,6,0.006179,-0.123544,0.155200,0.999597,0.000000,-0.028402,0.000000,1.000000,0.000000,0.028402,0.000000,0.999597,0.000000
8,左大臂前摆,12,9,0,-0.000896,0.052156,0.404200,0.999597,0.000000,0.028402,0.000000,1.000000,0.000000,-0.028402,0.000000,0.999597,0.028406
9,左大臂侧摆,255,10,8,-0.000896,0.101456,0.404200,0.999597,0.000000,0.028402,0.000000,1.000000,0.000000,-0.028402,0.000000,0.999597,0.000000
10,左臂肘前摆,255,11,9,-0.003994,0.101456,0.295144,0.999597,0.000000,0.028402,0.000000,1.000000,0.000000,-0.028402,0.000000,0.999597,0.000000
11,左手端,255,255,10,-0.007971,0.101456,0.155200,0.999597,0.000000,0.028402,0.000000,1.000000,0.000000,-0.028402,0.000000,0.999597,0.000000
12,右髋前摆,19,13,0,-0.000896,-0.063844,0.250000,0.808974,0.000000,-0.587844,0.000000,1.000000,0.000000,0.587844,0.000000,0.808974,-0.628391
13,右髋侧摆,255,14,12,-0.000896,-0.063844,0.250000,0.808974,-0.025657,-0.587284,0.000000,0.999047,-0.043646,0.587844,0.035309,0.808203,0.043660
14,右髋旋转,255,15,13,0.063236,-0.059078,0.161744,0.809381,-0.000000,-0.587284,-0.031669,0.998545,-0.043646,0.586429,0.053925,0.808203,-0.031705
15,右膝前摆,255,16,14,0.090662,-0.057039,0.124001,0.655129,-0.000000,0.755517,0.040742,0.998545,-0.035328,-0.754418,0.053925,0.654176,1.484142
16,右踝前摆,255,17,15,-0.000000,-0.052800,0.045500,1.000000,-0.000000,0.000000,0.000000,0.998545,-0.053925,0.000000,0.053925,0.998545,-0.856443
17,右踝侧摆,255,18,16,-0.000000,-0.052800,0.045500,1.000000,-0.000000,-0.000000,0.000000,1.000000,0.000000,0.000000,-0.000000,1.000000,-0.053952
18,右脚端,255,255,17,-0.000000,-0.052800,-0.000000,1.000000,-0.000000,-0.000000,0.000000,1.000000,0.000000,0.000000,-0.000000,1.000000,0.000000
19,左髋前摆,255,20,0,-0.000896,0.041756,0.250000,0.722783,0.000000,-0.691075,0.000000,1.000000,0.000000,0.691075,0.000000,0.722783,-0.762976
20,左髋侧摆,255,21,19,-0.000896,0.041756,0.250000,0.722783,-0.029616,-0.690440,0.000000,0.999081,-0.042854,0.691075,0.030974,0.722119,0.042868
21,左髋旋转,255,22,20,0.074501,0.046436,0.171145,0.723389,-0.000000,-0.690440,-0.040902,0.998244,-0.042854,0.689228,0.059241,0.722119,-0.040951
22,左膝前摆,255,23,21,0.106744,0.048437,0.137422,0.613707,-0.000000,0.789534,0.046773,0.998244,-0.036357,-0.788148,0.059241,0.612629,1.672147
23,左踝前摆,255,24,22,0.012000,0.052800,0.063906,1.000000,-0.000000,0.000000,0.000000,0.998244,-0.059241,-0.000000,0.059241,0.998244,-0.910050
24,左踝侧摆,255,25,23,0.012000,0.052800,0.063906,1.000000,-0.000000,0.000000,0.000000,1.000000,0.000000,-0.000000,-0.000000,1.000000,-0.059276
25,左脚端,255,255,24,0.012000,0.052800,0.018406,1.000000,-0.000000,0.000000,0.000000,1.000000,0.000000,-0.000000,-0.000000,1.000000,0.000000
0,主体,255,3,255,-0.001489,-0.018984,0.300000,1.000000,0.000000,0.000000,0.000000,1.000000,0.000000,0.000000,0.000000,1.000000,0.000000
1,头部,255,255,2,-0.001489,-0.018984,0.505700,1.000000,0.000000,0.000000,0.000000,1.000000,0.000000,0.000000,0.000000,1.000000,0.000000
2,颈前摆,255,1,3,-0.001489,-0.018984,0.447200,1.000000,0.000000,0.000000,0.000000,1.000000,0.000000,0.000000,0.000000,1.000000,0.000000
3,颈旋转,4,2,0,-0.001489,-0.018984,0.404200,1.000000,0.000000,0.000000,0.000000,1.000000,0.000000,0.000000,0.000000,1.000000,0.000000
4,右大臂前摆,8,5,0,-0.001489,-0.082184,0.404200,0.999092,0.000000,-0.042596,0.000000,1.000000,0.000000,0.042596,0.000000,0.999092,-0.042609
5,右大臂侧摆,255,6,4,-0.001489,-0.131484,0.404200,0.999092,0.000000,-0.042596,0.000000,1.000000,0.000000,0.042596,0.000000,0.999092,0.000000
6,右臂肘前摆,255,7,5,0.003158,-0.131484,0.295199,0.999092,0.000000,-0.042596,0.000000,1.000000,0.000000,0.042596,0.000000,0.999092,0.000000
7,右手端,255,255,6,0.009122,-0.131484,0.155326,0.999092,0.000000,-0.042596,0.000000,1.000000,0.000000,0.042596,0.000000,0.999092,0.000000
8,左大臂前摆,12,9,0,-0.001489,0.044216,0.404200,0.999092,0.000000,0.042596,0.000000,1.000000,0.000000,-0.042596,0.000000,0.999092,0.042609
9,左大臂侧摆,255,10,8,-0.001489,0.093516,0.404200,0.999092,0.000000,0.042596,0.000000,1.000000,0.000000,-0.042596,0.000000,0.999092,0.000000
10,左臂肘前摆,255,11,9,-0.006136,0.093516,0.295199,0.999092,0.000000,0.042596,0.000000,1.000000,0.000000,-0.042596,0.000000,0.999092,0.000000
11,左手端,255,255,10,-0.012100,0.093516,0.155326,0.999092,0.000000,0.042596,0.000000,1.000000,0.000000,-0.042596,0.000000,0.999092,0.000000
12,右髋前摆,19,13,0,-0.001489,-0.071784,0.250000,0.807935,0.000000,-0.589272,0.000000,1.000000,0.000000,0.589272,0.000000,0.807935,-0.630157
13,右髋侧摆,255,14,12,-0.001489,-0.071784,0.250000,0.807935,-0.044072,-0.587621,0.000000,0.997199,-0.074791,0.589272,0.060426,0.805672,0.074861
14,右髋旋转,255,15,13,0.062679,-0.063617,0.162021,0.809136,-0.000000,-0.587621,-0.054315,0.995719,-0.074791,0.585106,0.092433,0.805672,-0.054495
15,右膝前摆,255,16,14,0.090121,-0.060124,0.124396,0.660291,-0.000000,0.751010,0.069418,0.995719,-0.061033,-0.747794,0.092433,0.657465,1.477706
16,右踝前摆,255,17,15,-0.000000,-0.052800,0.045500,1.000000,-0.000000,0.000000,0.000000,0.995719,-0.092433,0.000000,0.092433,0.995719,-0.849590
17,右踝侧摆,255,18,16,-0.000000,-0.052800,0.045500,1.000000,-0.000000,-0.000000,0.000000,1.000000,0.000000,0.000000,-0.000000,1.000000,-0.092565
18,右脚端,255,255,17,-0.000000,-0.052800,-0.000000,1.000000,-0.000000,-0.000000,0.000000,1.000000,0.000000,0.000000,-0.000000,1.000000,0.000000
19,左髋前摆,255,20,0,-0.001489,0.033816,0.250000,0.690821,0.000000,-0.723026,0.000000,1.000000,0.000000,0.723026,0.000000,0.690821,-0.808172
20,左髋侧摆,255,21,19,-0.001489,0.033816,0.250000,0.690821,-0.052419,-0.721123,0.000000,0.997368,-0.072500,0.723026,0.050085,0.689003,0.072564
21,左髋旋转,255,22,20,0.077258,0.041733,0.174761,0.692807,-0.000000,-0.721123,-0.075463,0.994509,-0.072500,0.717164,0.104647,0.689003,-0.075735
22,左膝前摆,255,23,21,0.110934,0.045119,0.142584,0.611665,-0.000000,0.791117,0.082788,0.994509,-0.064009,-0.786774,0.104647,0.608306,1.718055
23,左踝前摆,255,24,22,0.016000,0.052800,0.069588,1.000000,-0.000000,0.000000,0.000000,0.994509,-0.104647,-0.000000,0.104647,0.994509,-0.912633
24,左踝侧摆,255,25,23,0.016000,0.052800,0.069588,1.000000,-0.000000,0.000000,0.000000,1.000000,0.000000,-0.000000,-0.000000,1.000000,-0.104839
25,左脚端,255,255,24,0.016000,0.052800,0.024088,1.000000,-0.000000,0.000000,0.000000,1.000000,0.000000,-0.000000,-0.000000,1.000000,0.000000
0,主体,255,3,255,-0.002006,-0.026731,0.300000,1.000000,0.000000,0.000000,0.000000,1.000000,0.000000,0.000000,0.000000,1.000000,0.000000
1,头部,255,255,2,-0.002006,-0.026731,0.505700,1.000000,0.000000,0.000000,0.000000,1.000000,0.000000,0.000000,0.000000,1.000000,0.000000
2,颈前摆,255,1,3,-0.002006,-0.026731,0.447200,1.000000,0.000000,0.000000,0.000000,1.000000,0.000000,0.000000,0.000000,1.000000,0.000000
3,颈旋转,4,2,0,-0.002006,-0.026731,0.404200,1.000000,0.000000,0.000000,0.000000,1.000000,0.000000,0.000000,0.000000,1.000000,0.000000
4,右大臂前摆,8,5,0,-0.002006,-0.089931,0.404200,0.998387,0.000000,-0.056782,0.000000,1.000000,0.000000,0.056782,0.000000,0.998387,-0.056812
5,右大臂侧摆,255,6,4,-0.002006,-0.139231,0.404200,0.998387,0.000000,-0.056782,0.000000,1.000000,0.000000,0.056782,0.000000,0.998387,0.000000
6,右臂肘前摆,255,7,5,0.004188,-0.139231,0.295276,0.998387,0.000000,-0.056782,0.000000,1.000000,0.000000,0.056782,0.000000,0.998387,0.000000
7,右手端,255,255,6,0.012138,-0.139231,0.155502,0.998387,0.000000,-0.056782,0.000000,1.000000,0.000000,0.056782,0.000000,0.998387,0.000000
8,左大臂前摆,12,9,0,-0.002006,0.036469,0.404200,0.998387,0.000000,0.056782,0.000000,1.000000,0.000000,-0.056782,0.000000,0.998387,0.056812
9,左大臂侧摆,255,10,8,-0.002006,0.085769,0.404200,0.998387,0.000000,0.056782,0.000000,1.000000,0.000000,-0.056782,0.000000,0.998387,0.000000
10,左臂肘前摆,255,11,9,-0.008201,0.085769,0.295276,0.998387,0.000000,0.056782,0.000000,1.000000,0.000000,-0.056782,0.000000,0.998387,0.000000
11,左手端,255,255,10,-0.016151,0.085769,0.155502,0.998387,0.000000,0.056782,0.000000,1.000000,0.000000,-0.056782,0.000000,0.998387,0.000000
12,右髋前摆,19,13,0,-0.002006,-0.079531,0.250000,0.807460,0.000000,-0.589922,0.000000,1.000000,0.000000,0.589922,0.000000,0.807460,-0.630962
13,右髋侧摆,255,14,12,-0.002006,-0.079531,0.250000,0.807460,-0.061920,-0.586663,0.000000,0.994476,-0.104962,0.589922,0.084753,0.803000,0.105156
14,右髋旋转,255,15,13,0.062057,-0.068069,0.162312,0.809831,-0.000000,-0.586663,-0.076037,0.991565,-0.104962,0.581715,0.129610,0.803000,-0.076534
15,右膝前摆,255,16,14,0.089454,-0.063167,0.124812,0.666558,-0.000000,0.745453,0.096618,0.991565,-0.086393,-0.739165,0.129610,0.660936,1.468147
16,右踝前摆,255,17,15,-0.000000,-0.052800,0.045500,1.000000,-0.000000,0.000000,0.000000,0.991565,-0.129610,0.000000,0.129610,0.991565,-0.841214
17,右踝侧摆,255,18,16,-0.000000,-0.052800,0.045500,1.000000,-0.000000,-0.000000,0.000000,1.000000,0.000000,0.000000,-0.000000,1.000000,-0.129976
18,右脚端,255,255,17,-0.000000,-0.052800,-0.000000,1.000000,-0.000000,-0.000000,0.000000,1.000000,0.000000,0.000000,-0.000000,1.000000,0.000000
19,左髋前摆,255,20,0,-0.002006,0.026069,0.250000,0.658955,0.000000,-0.752183,0.000000,1.000000,0.000000,0.752183,0.000000,0.658955,-0.851368
20,左髋侧摆,255,21,19,-0.002006,0.026069,0.250000,0.658955,-0.075282,-0.748406,0.000000,0.994979,-0.100085,0.752183,0.065951,0.655646,0.100253
21,左髋旋转,255,22,20,0.079719,0.036998,0.178403,0.663241,-0.000000,-0.748406,-0.112936,0.988549,-0.100085,0.739836,0.150902,0.655646,-0.113751
22,左膝前摆,255,23,21,0.114670,0.041672,0.147785,0.614500,-0.000000,0.788917,0.119050,0.988549,-0.092729,-0.779883,0.150902,0.607463,1.754700
23,左踝前摆,255,24,22,0.020000,0.052800,0.074889,1.000000,-0.000000,0.000000,0.000000,0.988549,-0.150902,0.000000,0.150902,0.988549,-0.909045
24,左踝侧摆,255,25,23,0.020000,0.052800,0.074889,1.000000,-0.000000,-0.000000,0.000000,1.000000,0.000000,0.000000,-0.000000,1.000000,-0.151481
25,左脚端,255,255,24,0.020000,0.052800,0.029389,1.000000,-0.000000,-0.000000,0.000000,1.000000,0.000000,0.000000,-0.000000,1.000000,0.000000
0,主体,255,3,255,-0.002371,-0.033452,0.300000,1.000000,0.000000,0.000000,0.000000,1.000000,0.000000,0.000000,0.000000,1.000000,0.000000
1,头部,255,255,2,-0.002371,-0.033452,0.505700,1.000000,0.000000,0.000000,0.000000,1.000000,0.000000,0.000000,0.000000,1.000000,0.000000
2,颈前摆,255,1,3,-0.002371,-0.033452,0.447200,1.000000,0.000000,0.000000,0.000000,1.000000,0.000000,0.000000,0.000000,1.000000,0.000000
3,颈旋转,4,2,0,-0.002371,-0.033452,0.404200,1.000000,0.000000,0.000000,0.000000,1.000000,0.000000,0.000000,0.000000,1.000000,0.000000
4,右大臂前摆,8,5,0,-0.002371,-0.096652,0.404200,0.997479,0.000000,-0.070956,0.000000,1.000000,0.000000,0.070956,0.000000,0.997479,-0.071015
5,右大臂侧摆,255,6,4,-0.002371,-0.145952,0.404200,0.997479,0.000000,-0.070956,0.000000,1.000000,0.000000,0.070956,0.000000,0.997479,0.000000
6,右臂肘前摆,255,7,5,0.005370,-0.145952,0.295375,0.997479,0.000000,-0.070956,0.000000,1.000000,0.000000,0.070956,0.000000,0.997479,0.000000
7,右手端,255,255,6,0.015304,-0.145952,0.155728,0.997479,0.000000,-0.070956,0.000000,1.000000,0.000000,0.070956,0.000000,0.997479,0.000000
8,左大臂前摆,12,9,0,-0.002371,0.029748,0.404200,0.997479,0.000000,0.070956,0.000000,1.000000,0.000000,-0.070956,0.000000,0.997479,0.071015
9,左大臂侧摆,255,10,8,-0.002371,0.079048,0.404200,0.997479,0.000000,0.070956,0.000000,1.000000,0.000000,-0.070956,0.000000,0.997479,0.000000
10,左臂肘前摆,255,11,9,-0.010112,0.079048,0.295375,0.997479,0.000000,0.070956,0.000000,1.000000,0.000000,-0.070956,0.000000,0.997479,0.000000
11,左手端,255,255,10,-0.020046,0.079048,0.155728,0.997479,0.000000,0.070956,0.000000,1.000000,0.000000,-0.070956,0.000000,0.997479,0.000000
12,右髋前摆,19,13,0,-0.002371,-0.086252,0.250000,0.807599,0.000000,-0.589731,0.000000,1.000000,0.000000,0.589731,0.000000,0.807599,-0.630726
13,右髋侧摆,255,14,12,-0.002371,-0.086252,0.250000,0.807599,-0.077236,-0.584652,0.000000,0.991387,-0.130968,0.589731,0.105770,0.800643,0.131346
14,右髋旋转,255,15,13,0.061473,-0.071950,0.162570,0.811284,-0.000000,-0.584652,-0.094382,0.986884,-0.130968,0.576983,0.161433,0.800643,-0.095347
15,右膝前摆,255,16,14,0.088776,-0.065834,0.125180,0.672823,-0.000000,0.739804,0.119429,0.986884,-0.108616,-0.730100,0.161433,0.663998,1.457229
16,右踝前摆,255,17,15,-0.000000,-0.052800,0.045500,1.000000,-0.000000,0.000000,0.000000,0.986884,-0.161433,0.000000,0.161433,0.986884,-0.832779
17,右踝侧摆,255,18,16,-0.000000,-0.052800,0.045500,1.000000,-0.000000,-0.000000,0.000000,1.000000,0.000000,0.000000,-0.000000,1.000000,-0.162143
18,右脚端,255,255,17,-0.000000,-0.052800,-0.000000,1.000000,-0.000000,-0.000000,0.000000,1.000000,0.000000,0.000000,-0.000000,1.000000,0.000000
19,左髋前摆,255,20,0,-0.002371,0.019348,0.250000,0.627872,0.000000,-0.778317,0.000000,1.000000,0.000000,0.778317,0.000000,0.627872,-0.891980
20,左髋侧摆,255,21,19,-0.002371,0.019348,0.250000,0.627872,-0.095285,-0.772462,0.000000,0.992478,-0.122424,0.778317,0.076867,0.623149,0.122732
21,左髋旋转,255,22,20,0.081982,0.032717,0.181952,0.635061,-0.000000,-0.772462,-0.148912,0.981243,-0.122424,0.757973,0.192776,0.623149,-0.150609
22,左膝前摆,255,23,21,0.118056,0.038434,0.152851,0.621013,-0.000000,0.783801,0.151098,0.981243,-0.119716,-0.769099,0.192776,0.609364,1.783471
23,左踝前摆,255,24,22,0.024000,0.052800,0.079727,1.000000,-0.000000,0.000000,0.000000,0.981243,-0.192776,0.000000,0.192776,0.981243,-0.900762
24,左踝侧摆,255,25,23,0.024000,0.052800,0.079727,1.000000,-0.000000,-0.000000,0.000000,1.000000,0.000000,0.000000,-0.000000,1.000000,-0.193990
25,左脚端,255,255,24,0.024000,0.052800,0.034227,1.000000,-0.000000,-0.000000,0.000000,1.000000,0.000000,0.000000,-0.000000,1.000000,0.000000
0,主体,255,3,255,-0.002556,-0.038872,0.300000,1.000000,0.000000,0.000000,0.000000,1.000000,0.000000,0.000000,0.000000,1.000000,0.000000
1,头部,255,255,2,-0.002556,-0.038872,0.505700,1.000000,0.000000,0.000000,0.000000,1.000000,0.000000,0.000000,0.000000,1.000000,0.000000
2,颈前摆,255,1,3,-0.002556,-0.038872,0.447200,1.000000,0.000000,0.000000,0.000000,1.000000,0.000000,0.000000,0.000000,1.000000,0.000000
3,颈旋转,4,2,0,-0.002556,-0.038872,0.404200,1.000000,0.000000,0.000000,0.000000,1.000000,0.000000,0.000000,0.000000,1.000000,0.000000
4,右大臂前摆,8,5,0,-0.002556,-0.102072,0.404200,0.996371,0.000000,-0.085115,0.000000,1.000000,0.000000,0.085115,0.000000,0.996371,-0.085218
5,右大臂侧摆,255,6,4,-0.002556,-0.151372,0.404200,0.996371,0.000000,-0.085115,0.000000,1.000000,0.000000,0.085115,0.000000,0.996371,0.000000
6,右臂肘前摆,255,7,5,0.006730,-0.151372,0.295496,0.996371,0.000000,-0.085115,0.000000,1.000000,0.000000,0.085115,0.000000,0.996371,0.000000
7,右手端,255,255,6,0.018646,-0.151372,0.156004,0.996371,0.000000,-0.085115,0.000000,1.000000,0.000000,0.085115,0.000000,0.996371,0.000000
8,左大臂前摆,12,9,0,-0.002556,0.024328,0.404200,0.996371,0.000000,0.085115,0.000000,1.000000,0.000000,-0.085115,0.000000,0.996371,0.085218
9,左大臂侧摆,255,10,8,-0.002556,0.073628,0.404200,0.996371,0.000000,0.085115,0.000000,1.000000,0.000000,-0.085115,0.000000,0.996371,0.000000
10,左臂肘前摆,255,11,9,-0.011842,0.073628,0.295496,0.996371,0.000000,0.085115,0.000000,1.000000,0.000000,-0.085115,0.000000,0.996371,0.000000
11,左手端,255,255,10,-0.023758,0.073628,0.156004,0.996371,0.000000,0.085115,0.000000,1.000000,0.000000,-0.085115,0.000000,0.996371,0.000000
12,右髋前摆,19,13,0,-0.002556,-0.091672,0.250000,0.808241,0.000000,-0.588852,0.000000,1.000000,0.000000,0.588852,0.000000,0.808241,-0.629638
13,右髋侧摆,255,14,12,-0.002556,-0.091672,0.250000,0.808241,-0.089418,-0.582023,0.000000,0.988403,-0.151852,0.588852,0.122733,0.798868,0.152442
14,右髋旋转,255,15,13,0.061001,-0.075090,0.162764,0.813172,-0.000000,-0.582023,-0.108687,0.982409,-0.151852,0.571785,0.186740,0.798868,-0.110185
15,右膝前摆,255,16,14,0.088181,-0.067998,0.125456,0.678235,-0.000000,0.734845,0.137225,0.982409,-0.126653,-0.721919,0.186740,0.666304,1.446653
16,右踝前摆,255,17,15,-0.000000,-0.052800,0.045500,1.000000,-0.000000,0.000000,0.000000,0.982409,-0.186740,0.000000,0.186740,0.982409,-0.825439
17,右踝侧摆,255,18,16,-0.000000,-0.052800,0.045500,1.000000,-0.000000,-0.000000,0.000000,1.000000,0.000000,0.000000,-0.000000,1.000000,-0.187843
18,右脚端,255,255,17,-0.000000,-0.052800,-0.000000,1.000000,-0.000000,-0.000000,0.000000,1.000000,0.000000,0.000000,-0.000000,1.000000,0.000000
19,左髋前摆,255,20,0,-0.002556,0.013928,0.250000,0.598125,0.000000,-0.801403,0.000000,1.000000,0.000000,0.801403,0.000000,0.598125,-0.929637
20,左髋侧摆,255,21,19,-0.002556,0.013928,0.250000,0.598125,-0.111178,-0.793654,0.000000,0.990330,-0.138730,0.801403,0.082978,0.592341,0.139179
21,左髋旋转,255,22,20,0.084111,0.029077,0.185316,0.608370,-0.000000,-0.793654,-0.180981,0.973653,-0.138730,0.772743,0.228035,0.592341,-0.183781
22,左膝前摆,255,23,21,0.121175,0.035556,0.157654,0.630173,-0.000000,0.776455,0.177059,0.973653,-0.143701,-0.755998,0.228035,0.613570,1.805812
23,左踝前摆,255,24,22,0.028000,0.052800,0.084026,1.000000,-0.000000,0.000000,0.000000,0.973653,-0.228035,0.000000,0.228035,0.973653,-0.889021
24,左踝侧摆,255,25,23,0.028000,0.052800,0.084026,1.000000,-0.000000,-0.000000,0.000000,1.000000,0.000000,0.000000,-0.000000,1.000000,-0.230059
25,左脚端,255,255,24,0.028000,0.052800,0.038526,1.000000,-0.000000,-0.000000,0.000000,1.000000,0.000000,0.000000,-0.000000,1.000000,0.000000
0,主体,255,3,255,-0.002565,-0.043044,0.300000,1.000000,0.000000,0.000000,0.000000,1.000000,0.000000,0.000000,0.000000,1.000000,0.000000
1,头部,255,255,2,-0.002565,-0.043044,0.505700,1.000000,0.000000,0.000000,0.000000,1.000000,0.000000,0.000000,0.000000,1.000000,0.000000
2,颈前摆,255,1,3,-0.002565,-0.043044,0.447200,1.000000,0.000000,0.000000,0.000000,1.000000,0.000000,0.000000,0.000000,1.000000,0.000000
3,颈旋转,4,2,0,-0.002565,-0.043044,0.404200,1.000000,0.000000,0.000000,0.000000,1.000000,0.000000,0.000000,0.000000,1.000000,0.000000
4,右大臂前摆,8,5,0,-0.002565,-0.106244,0.404200,0.995062,0.000000,-0.099258,0.000000,1.000000,0.000000,0.099258,0.000000,0.995062,-0.099421
5,右大臂侧摆,255,6,4,-0.002565,-0.155544,0.404200,0.995062,0.000000,-0.099258,0.000000,1.000000,0.000000,0.099258,0.000000,0.995062,0.000000
6,右臂肘前摆,255,7,5,0.008264,-0.155544,0.295639,0.995062,0.000000,-0.099258,0.000000,1.000000,0.000000,0.099258,0.000000,0.995062,0.000000
7,右手端,255,255,6,0.022160,-0.155544,0.156330,0.995062,0.000000,-0.099258,0.000000,1.000000,0.000000,0.099258,0.000000,0.995062,0.000000
8,左大臂前摆,12,9,0,-0.002565,0.020156,0.404200,0.995062,0.000000,0.099258,0.000000,1.000000,0.000000,-0.099258,0.000000,0.995062,0.099421
9,左大臂侧摆,255,10,8,-0.002565,0.069456,0.404200,0.995062,0.000000,0.099258,0.000000,1.000000,0.000000,-0.099258,0.000000,0.995062,0.000000
10,左臂肘前摆,255,11,9,-0.013394,0.069456,0.295639,0.995062,0.000000,0.099258,0.000000,1.000000,0.000000,-0.099258,0.000000,0.995062,0.000000
11,左手端,255,255,10,-0.027290,0.069456,0.156330,0.995062,0.000000,0.099258,0.000000,1.000000,0.000000,-0.099258,0.000000,0.995062,0.000000
12,右髋前摆,19,13,0,-0.002565,-0.095844,0.250000,0.809250,0.000000,-0.587465,0.000000,1.000000,0.000000,0.587465,0.000000,0.809250,-0.627923
13,右髋侧摆,255,14,12,-0.002565,-0.095844,0.250000,0.809250,-0.098645,-0.579124,0.000000,0.985801,-0.167916,0.587465,0.135886,0.797759,0.168716
14,右髋旋转,255,15,13,0.060675,-0.077508,0.162885,0.815240,-0.000000,-0.579124,-0.119283,0.978558,-0.167916,0.566706,0.205971,0.797759,-0.121298
15,右膝前摆,255,16,14,0.087720,-0.069666,0.125629,0.682376,-0.000000,0.731001,0.150566,0.978558,-0.140550,-0.715327,0.205971,0.667744,1.437442
16,右踝前摆,255,17,15,-0.000000,-0.052800,0.045500,1.000000,-0.000000,0.000000,0.000000,0.978558,-0.205971,0.000000,0.205971,0.978558,-0.819788
17,右踝侧摆,255,18,16,-0.000000,-0.052800,0.045500,1.000000,-0.000000,-0.000000,0.000000,1.000000,0.000000,0.000000,-0.000000,1.000000,-0.207456
18,右脚端,255,255,17,-0.000000,-0.052800,-0.000000,1.000000,-0.000000,-0.000000,0.000000,1.000000,0.000000,0.000000,-0.000000,1.000000,0.000000
19,左髋前摆,255,20,0,-0.002565,0.009756,0.250000,0.570188,0.000000,-0.821514,0.000000,1.000000,0.000000,0.821514,0.000000,0.570188,-0.964062
20,左髋侧摆,255,21,19,-0.002565,0.009756,0.250000,0.570188,-0.122846,-0.812278,0.000000,0.988756,-0.149536,0.821514,0.085264,0.563777,0.150099
21,左髋旋转,255,22,20,0.086135,0.026085,0.188436,0.583271,-0.000000,-0.812278,-0.208248,0.966577,-0.149536,0.785129,0.256375,0.563777,-0.212205
22,左膝前摆,255,23,21,0.124069,0.033069,0.162107,0.641359,-0.000000,0.767241,0.196701,0.966577,-0.164428,-0.741597,0.256375,0.619924,1.822574
23,左踝前摆,255,24,22,0.032000,0.052800,0.087716,1.000000,-0.000000,0.000000,0.000000,0.966577,-0.256375,0.000000,0.256375,0.966577,-0.874528
24,左踝侧摆,255,25,23,0.032000,0.052800,0.087716,1.000000,-0.000000,-0.000000,0.000000,1.000000,0.000000,0.000000,-0.000000,1.000000,-0.259270
25,左脚端,255,255,24,0.032000,0.052800,0.042216,1.000000,-0.000000,-0.000000,0.000000,1.000000,0.000000,0.000000,-0.000000,1.000000,0.000000
0,主体,255,3,255,-0.002412,-0.046152,0.300000,1.000000,0.000000,0.000000,0.000000,1.000000,0.000000,0.000000,0.000000,1.000000,0.000000
1,头部,255,255,2,-0.002412,-0.046152,0.505700,1.000000,0.000000,0.000000,0.000000,1.000000,0.000000,0.000000,0.000000,1.000000,0.000000
2,颈前摆,255,1,3,-0.002412,-0.046152,0.447200,1.000000,0.000000,0.000000,0.000000,1.000000,0.000000,0.000000,0.000000,1.000000,0.000000
3,颈旋转,4,2,0,-0.002412,-0.046152,0.404200,1.000000,0.000000,0.000000,0.000000,1.000000,0.000000,0.000000,0.000000,1.000000,0.000000
4,右大臂前摆,8,5,0,-0.002412,-0.109352,0.404200,0.993552,0.000000,-0.113380,0.000000,1.000000,0.000000,0.113380,0.000000,0.993552,-0.113624
5,右大臂侧摆,255,6,4,-0.002412,-0.158652,0.404200,0.993552,0.000000,-0.113380,0.000000,1.000000,0.000000,0.113380,0.000000,0.993552,0.000000
6,右臂肘前摆,255,7,5,0.009958,-0.158652,0.295804,0.993552,0.000000,-0.113380,0.000000,1.000000,0.000000,0.113380,0.000000,0.993552,0.000000
7,右手端,255,255,6,0.025831,-0.158652,0.156706,0.993552,0.000000,-0.113380,0.000000,1.000000,0.000000,0.113380,0.000000,0.993552,0.000000
8,左大臂前摆,12,9,0,-0.002412,0.017048,0.404200,0.993552,0.000000,0.113380,0.000000,1.000000,0.000000,-0.113380,0.000000,0.993552,0.113624
9,左大臂侧摆,255,10,8,-0.002412,0.066348,0.404200,0.993552,0.000000,0.113380,0.000000,1.000000,0.000000,-0.113380,0.000000,0.993552,0.000000
10,左臂肘前摆,255,11,9,-0.014782,0.066348,0.295804,0.993552,0.000000,0.113380,0.000000,1.000000,0.000000,-0.113380,0.000000,0.993552,0.000000
11,左手端,255,255,10,-0.030655,0.066348,0.156706,0.993552,0.000000,0.113380,0.000000,1.000000,0.000000,-0.113380,0.000000,0.993552,0.000000
12,右髋前摆,19,13,0,-0.002412,-0.098952,0.250000,0.810528,0.000000,-0.585700,0.000000,1.000000,0.000000,0.585700,0.000000,0.810528,-0.625743
13,右髋侧摆,255,14,12,-0.002412,-0.098952,0.250000,0.810528,-0.105388,-0.576140,0.000000,0.983678,-0.179935,0.585700,0.145842,0.797299,0.180920
14,右髋旋转,255,15,13,0.060502,-0.079303,0.162935,0.817351,-0.000000,-0.576140,-0.126834,0.975467,-0.179935,0.562006,0.220144,0.797299,-0.129298
15,右膝前摆,255,16,14,0.087408,-0.070900,0.125701,0.685151,-0.000000,0.728401,0.160353,0.975467,-0.150832,-0.710532,0.220144,0.668342,1.429984
16,右踝前摆,255,17,15,-0.000000,-0.052800,0.045500,1.000000,-0.000000,0.000000,0.000000,0.975467,-0.220144,0.000000,0.220144,0.975467,-0.815986
17,右踝侧摆,255,18,16,-0.000000,-0.052800,0.045500,1.000000,-0.000000,-0.000000,0.000000,1.000000,0.000000,0.000000,-0.000000,1.000000,-0.221962
18,右脚端,255,255,17,-0.000000,-0.052800,-0.000000,1.000000,-0.000000,-0.000000,0.000000,1.000000,0.000000,0.000000,-0.000000,1.000000,0.000000
19,左髋前摆,255,20,0,-0.002412,0.006648,0.250000,0.544501,0.000000,-0.838760,0.000000,1.000000,0.000000,0.838760,0.000000,0.544501,-0.995003
20,左髋侧摆,255,21,19,-0.002412,0.006648,0.250000,0.544501,-0.130732,-0.828510,0.000000,0.987779,-0.155863,0.838760,0.084867,0.537846,0.156501
21,左髋旋转,255,22,20,0.088061,0.023669,0.191267,0.559975,-0.000000,-0.828510,-0.230606,0.960483,-0.155863,0.795769,0.278339,0.537846,-0.235634
22,左膝前摆,255,23,21,0.126753,0.030947,0.166150,0.654258,-0.000000,0.756271,0.210500,0.960483,-0.182105,-0.726386,0.278339,0.628404,1.834036
23,左踝前摆,255,24,22,0.036000,0.052800,0.090741,1.000000,-0.000000,0.000000,0.000000,0.960483,-0.278339,0.000000,0.278339,0.960483,-0.857595
24,左踝侧摆,255,25,23,0.036000,0.052800,0.090741,1.000000,-0.000000,-0.000000,0.000000,1.000000,0.000000,0.000000,-0.000000,1.000000,-0.282064
25,左脚端,255,255,24,0.036000,0.052800,0.045241,1.000000,-0.000000,-0.000000,0.000000,1.000000,0.000000,0.000000,-0.000000,1.000000,0.000000
0,主体,255,3,255,-0.002110,-0.048393,0.300000,1.000000,0.000000,0.000000,0.000000,1.000000,0.000000,0.000000,0.000000,1.000000,0.000000
1,头部,255,255,2,-0.002110,-0.048393,0.505700,1.000000,0.000000,0.000000,0.000000,1.000000,0.000000,0.000000,0.000000,1.000000,0.000000
2,颈前摆,255,1,3,-0.002110,-0.048393,0.447200,1.000000,0.000000,0.000000,0.000000,1.000000,0.000000,0.000000,0.000000,1.000000,0.000000
3,颈旋转,4,2,0,-0.002110,-0.048393,0.404200,1.000000,0.000000,0.000000,0.000000,1.000000,0.000000,0.000000,0.000000,1.000000,0.000000
4,右大臂前摆,8,5,0,-0.002110,-0.111593,0.404200,0.991841,0.000000,-0.127480,0.000000,1.000000,0.000000,0.127480,0.000000,0.991841,-0.127827
5,右大臂侧摆,255,6,4,-0.002110,-0.160893,0.404200,0.991841,0.000000,-0.127480,0.000000,1.000000,0.000000,0.127480,0.000000,0.991841,0.000000
6,右臂肘前摆,255,7,5,0.011798,-0.160893,0.295990,0.991841,0.000000,-0.127480,0.000000,1.000000,0.000000,0.127480,0.000000,0.991841,0.000000
7,右手端,255,255,6,0.029645,-0.160893,0.157132,0.991841,0.000000,-0.127480,0.000000,1.000000,0.000000,0.127480,0.000000,0.991841,0.000000
8,左大臂前摆,12,9,0,-0.002110,0.014807,0.404200,0.991841,0.000000,0.127480,0.000000,1.000000,0.000000,-0.127480,0.000000,0.991841,0.127827
9,左大臂侧摆,255,10,8,-0.002110,0.064107,0.404200,0.991841,0.000000,0.127480,0.000000,1.000000,0.000000,-0.127480,0.000000,0.991841,0.000000
10,左臂肘前摆,255,11,9,-0.016018,0.064107,0.295990,0.991841,0.000000,0.127480,0.000000,1.000000,0.000000,-0.127480,0.000000,0.991841,0.000000
11,左手端,255,255,10,-0.033866,0.064107,0.157132,0.991841,0.000000,0.127480,0.000000,1.000000,0.000000,-0.127480,0.000000,0.991841,0.000000
12,右髋前摆,19,13,0,-0.002110,-0.101193,0.250000,0.812024,0.000000,-0.583625,0.000000,1.000000,0.000000,0.583625,0.000000,0.812024,-0.623185
13,右髋侧摆,255,14,12,-0.002110,-0.101193,0.250000,0.812024,-0.110133,-0.573139,0.000000,0.982034,-0.188706,0.583625,0.153233,0.797435,0.189844
14,右髋旋转,255,15,13,0.060476,-0.080586,0.162920,0.819458,-0.000000,-0.573139,-0.131983,0.973124,-0.188706,0.557735,0.230281,0.797435,-0.134805
15,右膝前摆,255,16,14,0.087242,-0.071774,0.125680,0.686620,-0.000000,0.727017,0.167418,0.973124,-0.158115,-0.707478,0.230281,0.668166,1.424298
16,右踝前摆,255,17,15,-0.000000,-0.052800,0.045500,1.000000,-0.000000,0.000000,0.000000,0.973124,-0.230281,0.000000,0.230281,0.973124,-0.813967
17,右踝侧摆,255,18,16,-0.000000,-0.052800,0.045500,1.000000,-0.000000,-0.000000,0.000000,1.000000,0.000000,0.000000,-0.000000,1.000000,-0.232366
18,右脚端,255,255,17,-0.000000,-0.052800,-0.000000,1.000000,-0.000000,-0.000000,0.000000,1.000000,0.000000,0.000000,-0.000000,1.000000,0.000000
19,左髋前摆,255,20,0,-0.002110,0.004407,0.250000,0.521482,0.000000,-0.853262,0.000000,1.000000,0.000000,0.853262,0.000000,0.521482,-1.022209
20,左髋侧摆,255,21,19,-0.002110,0.004407,0.250000,0.521482,-0.135459,-0.842441,0.000000,0.987318,-0.158755,0.853262,0.082788,0.514869,0.159429
21,左髋旋转,255,22,20,0.089884,0.021743,0.193776,0.538789,-0.000000,-0.842441,-0.248226,0.955605,-0.158755,0.805041,0.294651,0.514869,-0.254141
22,左膝前摆,255,23,21,0.129226,0.029157,0.169732,0.668679,-0.000000,0.743552,0.219088,0.955605,-0.197027,-0.710542,0.294651,0.638993,1.840164
23,左踝前摆,255,24,22,0.040000,0.052800,0.093053,1.000000,-0.000000,0.000000,0.000000,0.955605,-0.294651,0.000000,0.294651,0.955605,-0.838366
24,左踝侧摆,255,25,23,0.040000,0.052800,0.093053,1.000000,-0.000000,-0.000000,0.000000,1.000000,0.000000,0.000000,-0.000000,1.000000,-0.299090
25,左脚端,255,255,24,0.040000,0.052800,0.047553,1.000000,-0.000000,-0.000000,0.000000,1.000000,0.000000,0.000000,-0.000000,1.000000,0.000000
0,主体,255,3,255,-0.001669,-0.049932,0.300000,1.000000,0.000000,0.000000,0.000000,1.000000,0.000000,0.000000,0.000000,1.000000,0.000000
1,头部,255,255,2,-0.001669,-0.049932,0.505700,1.000000,0.000000,0.000000,0.000000,1.000000,0.000000,0.000000,0.000000,1.000000,0.000000
2,颈前摆,255,1,3,-0.001669,-0.049932,0.447200,1.000000,0.000000,0.000000,0.000000,1.000000,0.000000,0.000000,0.000000,1.000000,0.000000
3,颈旋转,4,2,0,-0.001669,-0.049932,0.404200,1.000000,0.000000,0.000000,0.000000,1.000000,0.000000,0.000000,0.000000,1.000000,0.000000
4,右大臂前摆,8,5,0,-0.001669,-0.113132,0.404200,0.989931,0.000000,-0.141553,0.000000,1.000000,0.000000,0.141553,0.000000,0.989931,-0.142030
5,右大臂侧摆,255,6,4,-0.001669,-0.162432,0.404200,0.989931,0.000000,-0.141553,0.000000,1.000000,0.000000,0.141553,0.000000,0.989931,0.000000
6,右臂肘前摆,255,7,5,0.013774,-0.162432,0.296199,0.989931,0.000000,-0.141553,0.000000,1.000000,0.000000,0.141553,0.000000,0.989931,0.000000
7,右手端,255,255,6,0.033592,-0.162432,0.157608,0.989931,0.000000,-0.141553,0.000000,1.000000,0.000000,0.141553,0.000000,0.989931,0.000000
8,左大臂前摆,12,9,0,-0.001669,0.013268,0.404200,0.989931,0.000000,0.141553,0.000000,1.000000,0.000000,-0.141553,0.000000,0.989931,0.142030
9,左大臂侧摆,255,10,8,-0.001669,0.062568,0.404200,0.989931,0.000000,0.141553,0.000000,1.000000,0.000000,-0.141553,0.000000,0.989931,0.000000
10,左臂肘前摆,255,11,9,-0.017113,0.062568,0.296199,0.989931,0.000000,0.141553,0.000000,1.000000,0.000000,-0.141553,0.000000,0.989931,0.000000
11,左手端,255,255,10,-0.036930,0.062568,0.157608,0.989931,0.000000,0.141553,0.000000,1.000000,0.000000,-0.141553,0.000000,0.989931,0.000000
12,右髋前摆,19,13,0,-0.001669,-0.102732,0.250000,0.813717,0.000000,-0.581262,0.000000,1.000000,0.000000,0.581262,0.000000,0.813717,-0.620279
13,右髋侧摆,255,14,12,-0.001669,-0.102732,0.250000,0.813717,-0.113273,-0.570118,0.000000,0.980828,-0.194874,0.581262,0.158572,0.798116,0.196129
14,右髋旋转,255,15,13,0.060588,-0.081452,0.162846,0.821563,-0.000000,-0.570118,-0.135231,0.971461,-0.194874,0.553848,0.237199,0.798116,-0.138315
15,右膝前摆,255,16,14,0.087212,-0.072351,0.125574,0.686884,-0.000000,0.726767,0.172388,0.971461,-0.162928,-0.706026,0.237199,0.667281,1.420254
16,右踝前摆,255,17,15,-0.000000,-0.052800,0.045500,1.000000,-0.000000,0.000000,0.000000,0.971461,-0.237199,0.000000,0.237199,0.971461,-0.813604
17,右踝侧摆,255,18,16,-0.000000,-0.052800,0.045500,1.000000,-0.000000,-0.000000,0.000000,1.000000,0.000000,0.000000,-0.000000,1.000000,-0.239481
18,右脚端,255,255,17,-0.000000,-0.052800,-0.000000,1.000000,-0.000000,-0.000000,0.000000,1.000000,0.000000,0.000000,-0.000000,1.000000,0.000000
19,左髋前摆,255,20,0,-0.001669,0.002868,0.250000,0.501522,0.000000,-0.865145,0.000000,1.000000,0.000000,0.865145,0.000000,0.501522,-1.045439
20,左髋侧摆,255,21,19,-0.001669,0.002868,0.250000,0.501522,-0.137651,-0.854124,0.000000,0.987261,-0.159108,0.865145,0.079796,0.495133,0.159787
21,左髋旋转,255,22,20,0.091601,0.020242,0.195931,0.520069,-0.000000,-0.854124,-0.261307,0.952052,-0.159108,0.813171,0.305936,0.495133,-0.267871
22,左膝前摆,255,23,21,0.131489,0.027673,0.172809,0.684437,-0.000000,0.729072,0.223049,0.952052,-0.209394,-0.694114,0.305936,0.651620,1.840829
23,左踝前摆,255,24,22,0.044000,0.052800,0.094614,1.000000,-0.000000,0.000000,0.000000,0.952052,-0.305936,0.000000,0.305936,0.952052,-0.816965
24,左踝侧摆,255,25,23,0.044000,0.052800,0.094614,1.000000,-0.000000,-0.000000,0.000000,1.000000,0.000000,0.000000,-0.000000,1.000000,-0.310921
25,左脚端,255,255,24,0.044000,0.052800,0.049114,1.000000,-0.000000,-0.000000,0.000000,1.000000,0.000000,0.000000,-0.000000,1.000000,0.000000
0,主体,255,3,255,-0.001093,-0.050890,0.300000,1.000000,0.000000,0.000000,0.000000,1.000000,0.000000,0.000000,0.000000,1.000000,0.000000
1,头部,255,255,2,-0.001093,-0.050890,0.505700,1.000000,0.000000,0.000000,0.000000,1.000000,0.000000,0.000000,0.000000,1.000000,0.000000
2,颈前摆,255,1,3,-0.001093,-0.050890,0.447200,1.000000,0.000000,0.000000,0.000000,1.000000,0.000000,0.000000,0.000000,1.000000,0.000000
3,颈旋转,4,2,0,-0.001093,-0.050890,0.404200,1.000000,0.000000,0.000000,0.000000,1.000000,0.000000,0.000000,0.000000,1.000000,0.000000
4,右大臂前摆,8,5,0,-0.001093,-0.114090,0.404200,0.987820,0.000000,-0.155599,0.000000,1.000000,0.000000,0.155599,0.000000,0.987820,-0.156233
