0,主体,255,3,255,-0.000000,-0.004141,0.350000,1.000000,0.000000,0.000000,0.000000,1.000000,0.000000,0.000000,0.000000,1.000000,0.000000,-0.000000,0.000000,0.000000
1,头部,255,255,2,-0.000000,-0.004141,0.555700,1.000000,0.000000,0.000000,0.000000,1.000000,0.000000,0.000000,0.000000,1.000000,0.000000,-0.000000,0.000000,0.000000
2,颈前摆,255,1,3,-0.000000,-0.004141,0.497200,1.000000,0.000000,0.000000,0.000000,1.000000,0.000000,0.000000,0.000000,1.000000,0.000000,-0.000000,0.000000,0.000000
3,颈旋转,4,2,0,-0.000000,-0.004141,0.454200,1.000000,0.000000,0.000000,0.000000,1.000000,0.000000,0.000000,0.000000,1.000000,0.000000,-0.000000,0.000000,0.000000
4,右大臂前摆,8,5,0,-0.000000,-0.067341,0.454200,1.000000,0.000000,0.000000,0.000000,1.000000,0.000000,0.000000,0.000000,1.000000,0.000000,-0.000000,0.000000,0.000000
5,右大臂侧摆,255,6,4,-0.000000,-0.116641,0.454200,1.000000,0.000000,0.000000,0.000000,1.000000,0.000000,0.000000,0.000000,1.000000,0.000000,-0.000000,0.000000,0.000000
6,右臂肘前摆,255,7,5,-0.000000,-0.116641,0.345100,1.000000,0.000000,0.000000,0.000000,1.000000,0.000000,0.000000,0.000000,1.000000,0.000000,-0.000000,0.000000,0.000000
7,右手端,255,255,6,-0.000000,-0.116641,0.205100,1.000000,0.000000,0.000000,0.000000,1.000000,0.000000,0.000000,0.000000,1.000000,0.000000,-0.000000,0.000000,0.000000
8,左大臂前摆,12,9,0,-0.000000,0.059059,0.454200,1.000000,0.000000,0.000000,0.000000,1.000000,0.000000,0.000000,0.000000,1.000000,0.000000,-0.000000,0.000000,0.000000
9,左大臂侧摆,255,10,8,-0.000000,0.108359,0.454200,1.000000,0.000000,0.000000,0.000000,1.000000,0.000000,0.000000,0.000000,1.000000,0.000000,-0.000000,0.000000,0.000000
10,左臂肘前摆,255,11,9,-0.000000,0.108359,0.345100,1.000000,0.000000,0.000000,0.000000,1.000000,0.000000,0.000000,0.000000,1.000000,0.000000,-0.000000,0.000000,0.000000
11,左手端,255,255,10,-0.000000,0.108359,0.205100,1.000000,0.000000,0.000000,0.000000,1.000000,0.000000,0.000000,0.000000,1.000000,0.000000,-0.000000,0.000000,0.000000
12,右髋前摆,19,13,0,-0.000000,-0.056941,0.300000,0.941341,0.000000,-0.337458,0.000000,1.000000,0.000000,0.337458,0.000000,0.941341,-0.344215,-0.000000,0.000000,0.000000
13,右髋侧摆,255,14,12,-0.000000,-0.056941,0.300000,0.941341,0.010055,-0.337308,0.000000,0.999556,0.029797,0.337458,-0.028049,0.940923,-0.029801,-0.000000,0.000000,0.000000
14,右髋旋转,255,15,13,0.036834,-0.060194,0.197251,0.941394,0.000000,-0.337308,0.010676,0.999499,0.029797,0.337139,-0.031652,0.940923,0.010681,-0.000000,0.000000,0.000000
15,右膝前摆,255,16,14,0.052586,-0.061586,0.153310,0.898868,0.000000,0.438219,-0.013871,0.999499,0.028451,-0.437999,-0.031652,0.898418,0.797672,-0.000000,0.000000,0.000000
16,右踝前摆,255,17,15,-0.000000,-0.065000,0.045500,1.000000,0.000000,-0.000000,-0.000000,0.999499,0.031652,0.000000,-0.031652,0.999499,-0.453616,-0.000000,0.000000,0.000000
17,右踝侧摆,255,18,16,-0.000000,-0.065000,0.045500,1.000000,0.000000,-0.000000,-0.000000,1.000000,-0.000000,0.000000,0.000000,1.000000,0.031657,-0.000000,0.000000,0.000000
18,右脚端,255,255,17,-0.000000,-0.065000,-0.000000,1.000000,0.000000,-0.000000,-0.000000,1.000000,-0.000000,0.000000,0.000000,1.000000,0.000000,-0.000000,0.000000,0.000000
19,左髋前摆,255,20,0,-0.000000,0.048659,0.300000,0.942255,0.000000,-0.334897,0.000000,1.000000,0.000000,0.334897,0.000000,0.942255,-0.341496,-0.000000,0.000000,0.000000
20,左髋侧摆,255,21,19,-0.000000,0.048659,0.300000,0.942255,-0.020224,-0.334286,0.000000,0.998175,-0.060388,0.334897,0.056901,0.940535,0.060425,-0.000000,0.000000,0.000000
21,左髋旋转,255,22,20,0.036504,0.055254,0.197294,0.942472,-0.000000,-0.334286,-0.021419,0.997945,-0.060388,0.333599,0.064074,0.940535,-0.021460,-0.000000,0.000000,0.000000
22,左膝前摆,255,23,21,0.052115,0.058074,0.153371,0.900772,-0.000000,0.434292,0.027827,0.997945,-0.057716,-0.433399,0.064074,0.898921,0.790099,-0.000000,0.000000,0.000000
23,左踝前摆,255,24,22,-0.000000,0.065000,0.045500,1.000000,-0.000000,0.000000,0.000000,0.997945,-0.064074,0.000000,0.064074,0.997945,-0.449252,-0.000000,0.000000,0.000000
24,左踝侧摆,255,25,23,-0.000000,0.065000,0.045500,1.000000,-0.000000,-0.000000,0.000000,1.000000,0.000000,0.000000,-0.000000,1.000000,-0.064118,-0.000000,0.000000,0.000000
25,左脚端,255,255,24,-0.000000,0.065000,-0.000000,1.000000,-0.000000,-0.000000,0.000000,1.000000,0.000000,0.000000,-0.000000,1.000000,0.000000,-0.000000,0.000000,0.000000
0,主体,255,3,255,0.000001,-0.008844,0.350000,1.000000,0.000000,0.000000,0.000000,1.000000,0.000000,0.000000,0.000000,1.000000,0.000000,-0.000000,-0.013000,0.000000
1,头部,255,255,2,0.000001,-0.008844,0.555700,1.000000,0.000000,0.000000,0.000000,1.000000,0.000000,0.000000,0.000000,1.000000,0.000000,-0.000000,-0.013000,0.000000
2,颈前摆,255,1,3,0.000001,-0.008844,0.497200,1.000000,0.000000,0.000000,0.000000,1.000000,0.000000,0.000000,0.000000,1.000000,0.000000,-0.000000,-0.013000,0.000000
3,颈旋转,4,2,0,0.000001,-0.008844,0.454200,1.000000,0.000000,0.000000,0.000000,1.000000,0.000000,0.000000,0.000000,1.000000,0.000000,-0.000000,-0.013000,0.000000
4,右大臂前摆,8,5,0,0.000001,-0.072044,0.454200,1.000000,0.000000,0.000000,0.000000,1.000000,0.000000,0.000000,0.000000,1.000000,0.000000,-0.000000,-0.013000,0.000000
5,右大臂侧摆,255,6,4,0.000001,-0.121344,0.454200,1.000000,0.000000,0.000000,0.000000,1.000000,0.000000,0.000000,0.000000,1.000000,0.000000,-0.000000,-0.013000,0.000000
6,右臂肘前摆,255,7,5,0.000001,-0.121344,0.345100,1.000000,0.000000,0.000000,0.000000,1.000000,0.000000,0.000000,0.000000,1.000000,0.000000,-0.000000,-0.013000,0.000000
7,右手端,255,255,6,0.000001,-0.121344,0.205100,1.000000,0.000000,0.000000,0.000000,1.000000,0.000000,0.000000,0.000000,1.000000,0.000000,-0.000000,-0.013000,0.000000
8,左大臂前摆,12,9,0,0.000001,0.054356,0.454200,1.000000,0.000000,0.000000,0.000000,1.000000,0.000000,0.000000,0.000000,1.000000,0.000000,-0.000000,-0.013000,0.000000
9,左大臂侧摆,255,10,8,0.000001,0.103656,0.454200,1.000000,0.000000,0.000000,0.000000,1.000000,0.000000,0.000000,0.000000,1.000000,0.000000,-0.000000,-0.013000,0.000000
10,左臂肘前摆,255,11,9,0.000001,0.103656,0.345100,1.000000,0.000000,0.000000,0.000000,1.000000,0.000000,0.000000,0.000000,1.000000,0.000000,-0.000000,-0.013000,0.000000
11,左手端,255,255,10,0.000001,0.103656,0.205100,1.000000,0.000000,0.000000,0.000000,1.000000,0.000000,0.000000,0.000000,1.000000,0.000000,-0.000000,-0.013000,0.000000
12,右髋前摆,19,13,0,0.000001,-0.061644,0.300000,0.941100,0.000000,-0.338129,0.000000,1.000000,0.000000,0.338129,0.000000,0.941100,-0.344928,-0.000000,-0.013000,0.000000
13,右髋侧摆,255,14,12,0.000001,-0.061644,0.300000,0.941100,0.004195,-0.338103,0.000000,0.999923,0.012408,0.338129,-0.011677,0.941027,-0.012408,-0.000000,-0.013000,0.000000
14,右髋旋转,255,15,13,0.036922,-0.062999,0.197240,0.941109,0.000000,-0.338103,0.004457,0.999913,0.012408,0.338073,-0.013184,0.941027,0.004458,-0.000000,-0.013000,0.000000
15,右膝前摆,255,16,14,0.052711,-0.063579,0.153294,0.898360,0.000000,0.439260,-0.005791,0.999913,0.011844,-0.439222,-0.013184,0.898282,0.799675,-0.000000,-0.013000,0.000000
16,右踝前摆,255,17,15,-0.000000,-0.065000,0.045500,1.000000,0.000000,-0.000000,-0.000000,0.999913,0.013184,0.000000,-0.013184,0.999913,-0.454775,-0.000000,-0.013000,0.000000
17,右踝侧摆,255,18,16,-0.000000,-0.065000,0.045500,1.000000,0.000000,-0.000000,-0.000000,1.000000,-0.000000,0.000000,0.000000,1.000000,0.013185,-0.000000,-0.013000,0.000000
18,右脚端,255,255,17,0.000000,-0.065000,0.000000,1.000000,0.000000,-0.000000,-0.000000,1.000000,-0.000000,0.000000,0.000000,1.000000,0.000000,-0.000000,-0.013000,0.000000
19,左髋前摆,255,20,0,0.000001,0.043956,0.300000,0.943056,0.000000,-0.332635,0.000000,1.000000,0.000000,0.332635,0.000000,0.943056,-0.339096,-0.000000,-0.013000,0.000000
20,左髋侧摆,255,21,19,0.000001,0.043956,0.300000,0.943056,-0.025860,-0.331628,0.000000,0.996973,-0.077744,0.332635,0.073317,0.940201,0.077823,-0.000000,-0.013000,0.000000
21,左髋旋转,255,22,20,0.036215,0.052445,0.197330,0.943410,-0.000000,-0.331628,-0.027329,0.996599,-0.077744,0.330500,0.082408,0.940201,-0.027415,-0.000000,-0.013000,0.000000
22,左膝前摆,255,23,21,0.051702,0.056076,0.153423,0.902424,-0.000000,0.430848,0.035505,0.996599,-0.074367,-0.429383,0.082408,0.899355,0.783461,-0.000000,-0.013000,0.000000
23,左踝前摆,255,24,22,-0.000000,0.065000,0.045500,1.000000,-0.000000,0.000000,0.000000,0.996599,-0.082408,0.000000,0.082408,0.996599,-0.445433,-0.000000,-0.013000,0.000000
24,左踝侧摆,255,25,23,-0.000000,0.065000,0.045500,1.000000,-0.000000,-0.000000,0.000000,1.000000,0.000000,0.000000,-0.000000,1.000000,-0.082501,-0.000000,-0.013000,0.000000
25,左脚端,255,255,24,-0.000000,0.065000,-0.000000,1.000000,-0.000000,-0.000000,0.000000,1.000000,0.000000,0.000000,-0.000000,1.000000,0.000000,-0.000000,-0.013000,0.000000
0,主体,255,3,255,0.000013,-0.014075,0.350000,1.000000,0.000000,0.000000,0.000000,1.000000,0.000000,0.000000,0.000000,1.000000,0.000000,-0.000000,-0.026000,0.000000
1,头部,255,255,2,0.000013,-0.014075,0.555700,1.000000,0.000000,0.000000,0.000000,1.000000,0.000000,0.000000,0.000000,1.000000,0.000000,-0.000000,-0.026000,0.000000
2,颈前摆,255,1,3,0.000013,-0.014075,0.497200,1.000000,0.000000,0.000000,0.000000,1.000000,0.000000,0.000000,0.000000,1.000000,0.000000,-0.000000,-0.026000,0.000000
3,颈旋转,4,2,0,0.000013,-0.014075,0.454200,1.000000,0.000000,0.000000,0.000000,1.000000,0.000000,0.000000,0.000000,1.000000,0.000000,-0.000000,-0.026000,0.000000
4,右大臂前摆,8,5,0,0.000013,-0.077275,0.454200,1.000000,0.000000,0.000000,0.000000,1.000000,0.000000,0.000000,0.000000,1.000000,0.000000,-0.000000,-0.026000,0.000000
5,右大臂侧摆,255,6,4,0.000013,-0.126575,0.454200,1.000000,0.000000,0.000000,0.000000,1.000000,0.000000,0.000000,0.000000,1.000000,0.000000,-0.000000,-0.026000,0.000000
6,右臂肘前摆,255,7,5,0.000013,-0.126575,0.345100,1.000000,0.000000,0.000000,0.000000,1.000000,0.000000,0.000000,0.000000,1.000000,0.000000,-0.000000,-0.026000,0.000000
7,右手端,255,255,6,0.000013,-0.126575,0.205100,1.000000,0.000000,0.000000,0.000000,1.000000,0.000000,0.000000,0.000000,1.000000,0.000000,-0.000000,-0.026000,0.000000
8,左大臂前摆,12,9,0,0.000013,0.049125,0.454200,1.000000,0.000000,0.000000,0.000000,1.000000,0.000000,0.000000,0.000000,1.000000,0.000000,-0.000000,-0.026000,0.000000
9,左大臂侧摆,255,10,8,0.000013,0.098425,0.454200,1.000000,0.000000,0.000000,0.000000,1.000000,0.000000,0.000000,0.000000,1.000000,0.000000,-0.000000,-0.026000,0.000000
10,左臂肘前摆,255,11,9,0.000013,0.098425,0.345100,1.000000,0.000000,0.000000,0.000000,1.000000,0.000000,0.000000,0.000000,1.000000,0.000000,-0.000000,-0.026000,0.000000
11,左手端,255,255,10,0.000013,0.098425,0.205100,1.000000,0.000000,0.000000,0.000000,1.000000,0.000000,0.000000,0.000000,1.000000,0.000000,-0.000000,-0.026000,0.000000
12,右髋前摆,19,13,0,0.000013,-0.066875,0.300000,0.941081,0.000000,-0.338180,0.000000,1.000000,0.000000,0.338180,0.000000,0.941081,-0.344982,-0.000000,-0.026000,0.000000
13,右髋侧摆,255,14,12,0.000013,-0.066875,0.300000,0.941081,-0.002345,-0.338172,0.000000,0.999976,-0.006934,0.338180,0.006525,0.941059,0.006934,-0.000000,-0.026000,0.000000
14,右髋旋转,255,15,13,0.036942,-0.066118,0.197236,0.941084,0.000000,-0.338172,-0.002492,0.999973,-0.006934,0.338163,0.007368,0.941059,-0.002492,-0.000000,-0.026000,0.000000
15,右膝前摆,255,16,14,0.052734,-0.065794,0.153289,0.898265,0.000000,0.439453,0.003238,0.999973,-0.006618,-0.439441,0.007368,0.898241,0.799964,-0.000000,-0.026000,0.000000
16,右踝前摆,255,17,15,0.000000,-0.065000,0.045500,1.000000,0.000000,-0.000000,-0.000000,0.999973,-0.007368,0.000000,0.007368,0.999973,-0.454990,-0.000000,-0.026000,0.000000
17,右踝侧摆,255,18,16,0.000000,-0.065000,0.045500,1.000000,0.000000,-0.000000,-0.000000,1.000000,-0.000000,0.000000,0.000000,1.000000,-0.007368,-0.000000,-0.026000,0.000000
18,右脚端,255,255,17,0.000000,-0.065000,0.000000,1.000000,0.000000,-0.000000,-0.000000,1.000000,-0.000000,0.000000,0.000000,1.000000,0.000000,-0.000000,-0.026000,0.000000
19,左髋前摆,255,20,0,0.000013,0.038725,0.300000,0.944203,0.000000,-0.329364,0.000000,1.000000,0.000000,0.329364,0.000000,0.944203,-0.335630,-0.000000,-0.026000,0.000000
20,左髋侧摆,255,21,19,0.000013,0.038725,0.300000,0.944203,-0.031956,-0.327810,0.000000,0.995282,-0.097022,0.329364,0.091609,0.939748,0.097175,-0.000000,-0.026000,0.000000
21,左髋旋转,255,22,20,0.035810,0.049320,0.197379,0.944744,-0.000000,-0.327810,-0.033665,0.994713,-0.097022,0.326077,0.102697,0.939748,-0.033831,-0.000000,-0.026000,0.000000
22,左膝前摆,255,23,21,0.051119,0.053850,0.153493,0.904727,-0.000000,0.425992,0.043748,0.994713,-0.092913,-0.423739,0.102697,0.899943,0.774043,-0.000000,-0.026000,0.000000
23,左踝前摆,255,24,22,-0.000000,0.065000,0.045500,1.000000,-0.000000,0.000000,0.000000,0.994713,-0.102697,0.000000,0.102697,0.994713,-0.440058,-0.000000,-0.026000,0.000000
24,左踝侧摆,255,25,23,-0.000000,0.065000,0.045500,1.000000,-0.000000,-0.000000,0.000000,1.000000,0.000000,0.000000,-0.000000,1.000000,-0.102878,-0.000000,-0.026000,0.000000
25,左脚端,255,255,24,-0.000000,0.065000,-0.000000,1.000000,-0.000000,-0.000000,0.000000,1.000000,0.000000,0.000000,-0.000000,1.000000,0.000000,-0.000000,-0.026000,0.000000
0,主体,255,3,255,0.000048,-0.019521,0.350000,1.000000,0.000000,0.000000,0.000000,1.000000,0.000000,0.000000,0.000000,1.000000,0.000000,-0.000000,-0.039000,0.000000
1,头部,255,255,2,0.000048,-0.019521,0.555700,1.000000,0.000000,0.000000,0.000000,1.000000,0.000000,0.000000,0.000000,1.000000,0.000000,-0.000000,-0.039000,0.000000
2,颈前摆,255,1,3,0.000048,-0.019521,0.497200,1.000000,0.000000,0.000000,0.000000,1.000000,0.000000,0.000000,0.000000,1.000000,0.000000,-0.000000,-0.039000,0.000000
3,颈旋转,4,2,0,0.000048,-0.019521,0.454200,1.000000,0.000000,0.000000,0.000000,1.000000,0.000000,0.000000,0.000000,1.000000,0.000000,-0.000000,-0.039000,0.000000
4,右大臂前摆,8,5,0,0.000048,-0.082721,0.454200,1.000000,0.000000,0.000000,0.000000,1.000000,0.000000,0.000000,0.000000,1.000000,0.000000,-0.000000,-0.039000,0.000000
5,右大臂侧摆,255,6,4,0.000048,-0.132021,0.454200,1.000000,0.000000,0.000000,0.000000,1.000000,0.000000,0.000000,0.000000,1.000000,0.000000,-0.000000,-0.039000,0.000000
6,右臂肘前摆,255,7,5,0.000048,-0.132021,0.345100,1.000000,0.000000,0.000000,0.000000,1.000000,0.000000,0.000000,0.000000,1.000000,0.000000,-0.000000,-0.039000,0.000000
7,右手端,255,255,6,0.000048,-0.132021,0.205100,1.000000,0.000000,0.000000,0.000000,1.000000,0.000000,0.000000,0.000000,1.000000,0.000000,-0.000000,-0.039000,0.000000
8,左大臂前摆,12,9,0,0.000048,0.043679,0.454200,1.000000,0.000000,0.000000,0.000000,1.000000,0.000000,0.000000,0.000000,1.000000,0.000000,-0.000000,-0.039000,0.000000
9,左大臂侧摆,255,10,8,0.000048,0.092979,0.454200,1.000000,0.000000,0.000000,0.000000,1.000000,0.000000,0.000000,0.000000,1.000000,0.000000,-0.000000,-0.039000,0.000000
10,左臂肘前摆,255,11,9,0.000048,0.092979,0.345100,1.000000,0.000000,0.000000,0.000000,1.000000,0.000000,0.000000,0.000000,1.000000,0.000000,-0.000000,-0.039000,0.000000
11,左手端,255,255,10,0.000048,0.092979,0.205100,1.000000,0.000000,0.000000,0.000000,1.000000,0.000000,0.000000,0.000000,1.000000,0.000000,-0.000000,-0.039000,0.000000
12,右髋前摆,19,13,0,0.000048,-0.072321,0.300000,0.941353,0.000000,-0.337422,0.000000,1.000000,0.000000,0.337422,0.000000,0.941353,-0.344177,-0.000000,-0.039000,0.000000
13,右髋侧摆,255,14,12,0.000048,-0.072321,0.300000,0.941353,-0.009133,-0.337299,0.000000,0.999634,-0.027066,0.337422,0.025479,0.941009,0.027070,-0.000000,-0.039000,0.000000
14,右髋旋转,255,15,13,0.036881,-0.069365,0.197242,0.941398,-0.000000,-0.337299,-0.009698,0.999587,-0.027066,0.337159,0.028751,0.941009,-0.009701,-0.000000,-0.039000,0.000000
15,右膝前摆,255,16,14,0.052633,-0.068101,0.153297,0.898678,-0.000000,0.438609,0.012611,0.999587,-0.025838,-0.438428,0.028751,0.898306,0.798096,-0.000000,-0.039000,0.000000
16,右踝前摆,255,17,15,-0.000000,-0.065000,0.045500,1.000000,-0.000000,0.000000,0.000000,0.999587,-0.028751,-0.000000,0.028751,0.999587,-0.454051,-0.000000,-0.039000,0.000000
17,右踝侧摆,255,18,16,-0.000000,-0.065000,0.045500,1.000000,-0.000000,0.000000,0.000000,1.000000,0.000000,-0.000000,-0.000000,1.000000,-0.028755,-0.000000,-0.039000,0.000000
18,右脚端,255,255,17,-0.000000,-0.065000,0.000000,1.000000,-0.000000,0.000000,0.000000,1.000000,0.000000,-0.000000,-0.000000,1.000000,0.000000,-0.000000,-0.039000,0.000000
19,左髋前摆,255,20,0,0.000048,0.033279,0.300000,0.945701,0.000000,-0.325039,0.000000,1.000000,0.000000,0.325039,0.000000,0.945701,-0.331053,-0.000000,-0.039000,0.000000
20,左髋侧摆,255,21,19,0.000048,0.033279,0.300000,0.945701,-0.038049,-0.322804,0.000000,0.993125,-0.117060,0.325039,0.110704,0.939199,0.117329,-0.000000,-0.039000,0.000000
21,左髋旋转,255,22,20,0.035298,0.046062,0.197439,0.946466,-0.000000,-0.322804,-0.039925,0.992322,-0.117060,0.320326,0.123682,0.939199,-0.040212,-0.000000,-0.039000,0.000000
22,左膝前摆,255,23,21,0.050373,0.051529,0.153579,0.907626,-0.000000,0.419779,0.051919,0.992322,-0.112257,-0.416556,0.123682,0.900658,0.761892,-0.000000,-0.039000,0.000000
23,左踝前摆,255,24,22,-0.000000,0.065000,0.045500,1.000000,-0.000000,0.000000,0.000000,0.992322,-0.123682,0.000000,0.123682,0.992322,-0.433202,-0.000000,-0.039000,0.000000
24,左踝侧摆,255,25,23,-0.000000,0.065000,0.045500,1.000000,-0.000000,-0.000000,0.000000,1.000000,0.000000,0.000000,-0.000000,1.000000,-0.123999,-0.000000,-0.039000,0.000000
25,左脚端,255,255,24,-0.000000,0.065000,-0.000000,1.000000,-0.000000,-0.000000,0.000000,1.000000,0.000000,0.000000,-0.000000,1.000000,0.000000,-0.000000,-0.039000,0.000000
0,主体,255,3,255,0.000114,-0.024850,0.350000,1.000000,0.000000,0.000000,0.000000,1.000000,0.000000,0.000000,0.000000,1.000000,0.000000,-0.000000,-0.052000,0.000000
1,头部,255,255,2,0.000114,-0.024850,0.555700,1.000000,0.000000,0.000000,0.000000,1.000000,0.000000,0.000000,0.000000,1.000000,0.000000,-0.000000,-0.052000,0.000000
2,颈前摆,255,1,3,0.000114,-0.024850,0.497200,1.000000,0.000000,0.000000,0.000000,1.000000,0.000000,0.000000,0.000000,1.000000,0.000000,-0.000000,-0.052000,0.000000
3,颈旋转,4,2,0,0.000114,-0.024850,0.454200,1.000000,0.000000,0.000000,0.000000,1.000000,0.000000,0.000000,0.000000,1.000000,0.000000,-0.000000,-0.052000,0.000000
4,右大臂前摆,8,5,0,0.000114,-0.088050,0.454200,1.000000,0.000000,0.000000,0.000000,1.000000,0.000000,0.000000,0.000000,1.000000,0.000000,-0.000000,-0.052000,0.000000
5,右大臂侧摆,255,6,4,0.000114,-0.137350,0.454200,1.000000,0.000000,0.000000,0.000000,1.000000,0.000000,0.000000,0.000000,1.000000,0.000000,-0.000000,-0.052000,0.000000
6,右臂肘前摆,255,7,5,0.000114,-0.137350,0.345100,1.000000,0.000000,0.000000,0.000000,1.000000,0.000000,0.000000,0.000000,1.000000,0.000000,-0.000000,-0.052000,0.000000
7,右手端,255,255,6,0.000114,-0.137350,0.205100,1.000000,0.000000,0.000000,0.000000,1.000000,0.000000,0.000000,0.000000,1.000000,0.000000,-0.000000,-0.052000,0.000000
8,左大臂前摆,12,9,0,0.000114,0.038350,0.454200,1.000000,0.000000,0.000000,0.000000,1.000000,0.000000,0.000000,0.000000,1.000000,0.000000,-0.000000,-0.052000,0.000000
9,左大臂侧摆,255,10,8,0.000114,0.087650,0.454200,1.000000,0.000000,0.000000,0.000000,1.000000,0.000000,0.000000,0.000000,1.000000,0.000000,-0.000000,-0.052000,0.000000
10,左臂肘前摆,255,11,9,0.000114,0.087650,0.345100,1.000000,0.000000,0.000000,0.000000,1.000000,0.000000,0.000000,0.000000,1.000000,0.000000,-0.000000,-0.052000,0.000000
11,左手端,255,255,10,0.000114,0.087650,0.205100,1.000000,0.000000,0.000000,0.000000,1.000000,0.000000,0.000000,0.000000,1.000000,0.000000,-0.000000,-0.052000,0.000000
12,右髋前摆,19,13,0,0.000114,-0.077650,0.300000,0.941920,0.000000,-0.335836,0.000000,1.000000,0.000000,0.335836,0.000000,0.941920,-0.342493,-0.000000,-0.052000,0.000000
13,右髋侧摆,255,14,12,0.000114,-0.077650,0.300000,0.941920,-0.015706,-0.335469,0.000000,0.998906,-0.046768,0.335836,0.044052,0.940890,0.046785,-0.000000,-0.052000,0.000000
14,右髋旋转,255,15,13,0.036747,-0.072543,0.197255,0.942051,-0.000000,-0.335469,-0.016654,0.998767,-0.046768,0.335055,0.049645,0.940890,-0.016673,-0.000000,-0.052000,0.000000
15,右膝前摆,255,16,14,0.052413,-0.070359,0.153315,0.899570,-0.000000,0.436776,0.021684,0.998767,-0.044659,-0.436238,0.049645,0.898461,0.794115,-0.000000,-0.052000,0.000000
16,右踝前摆,255,17,15,-0.000000,-0.065000,0.045500,1.000000,-0.000000,0.000000,0.000000,0.998767,-0.049645,-0.000000,0.049645,0.998767,-0.452012,-0.000000,-0.052000,0.000000
17,右踝侧摆,255,18,16,-0.000000,-0.065000,0.045500,1.000000,-0.000000,0.000000,0.000000,1.000000,0.000000,-0.000000,-0.000000,1.000000,-0.049666,-0.000000,-0.052000,0.000000
18,右脚端,255,255,17,-0.000000,-0.065000,0.000000,1.000000,-0.000000,0.000000,0.000000,1.000000,0.000000,-0.000000,-0.000000,1.000000,0.000000,-0.000000,-0.052000,0.000000
19,左髋前摆,255,20,0,0.000114,0.027950,0.300000,0.947483,0.000000,-0.319807,0.000000,1.000000,0.000000,0.319807,0.000000,0.947483,-0.325526,-0.000000,-0.052000,0.000000
20,左髋侧摆,255,21,19,0.000114,0.027950,0.300000,0.947483,-0.043699,-0.316807,0.000000,0.990621,-0.136642,0.319807,0.129466,0.938596,0.137071,-0.000000,-0.052000,0.000000
21,左髋旋转,255,22,20,0.034709,0.042871,0.197505,0.948490,-0.000000,-0.316807,-0.045640,0.989569,-0.136642,0.313503,0.144062,0.938596,-0.046088,-0.000000,-0.052000,0.000000
22,左膝前摆,255,23,21,0.049504,0.049252,0.153673,0.910943,-0.000000,0.412532,0.059430,0.989569,-0.131233,-0.408228,0.144062,0.901441,0.747593,-0.000000,-0.052000,0.000000
23,左踝前摆,255,24,22,-0.000000,0.065000,0.045500,1.000000,-0.000000,0.000000,0.000000,0.989569,-0.144062,0.000000,0.144062,0.989569,-0.425232,-0.000000,-0.052000,0.000000
24,左踝侧摆,255,25,23,-0.000000,0.065000,0.045500,1.000000,-0.000000,-0.000000,0.000000,1.000000,0.000000,0.000000,-0.000000,1.000000,-0.144565,-0.000000,-0.052000,0.000000
25,左脚端,255,255,24,-0.000000,0.065000,-0.000000,1.000000,-0.000000,-0.000000,0.000000,1.000000,0.000000,0.000000,-0.000000,1.000000,0.000000,-0.000000,-0.052000,0.000000
0,主体,255,3,255,0.000214,-0.029822,0.350000,1.000000,0.000000,0.000000,0.000000,1.000000,0.000000,0.000000,0.000000,1.000000,0.000000,-0.000000,-0.065000,0.000000
1,头部,255,255,2,0.000214,-0.029822,0.555700,1.000000,0.000000,0.000000,0.000000,1.000000,0.000000,0.000000,0.000000,1.000000,0.000000,-0.000000,-0.065000,0.000000
2,颈前摆,255,1,3,0.000214,-0.029822,0.497200,1.000000,0.000000,0.000000,0.000000,1.000000,0.000000,0.000000,0.000000,1.000000,0.000000,-0.000000,-0.065000,0.000000
3,颈旋转,4,2,0,0.000214,-0.029822,0.454200,1.000000,0.000000,0.000000,0.000000,1.000000,0.000000,0.000000,0.000000,1.000000,0.000000,-0.000000,-0.065000,0.000000
4,右大臂前摆,8,5,0,0.000214,-0.093022,0.454200,1.000000,0.000000,0.000000,0.000000,1.000000,0.000000,0.000000,0.000000,1.000000,0.000000,-0.000000,-0.065000,0.000000
5,右大臂侧摆,255,6,4,0.000214,-0.142322,0.454200,1.000000,0.000000,0.000000,0.000000,1.000000,0.000000,0.000000,0.000000,1.000000,0.000000,-0.000000,-0.065000,0.000000
6,右臂肘前摆,255,7,5,0.000214,-0.142322,0.345100,1.000000,0.000000,0.000000,0.000000,1.000000,0.000000,0.000000,0.000000,1.000000,0.000000,-0.000000,-0.065000,0.000000
7,右手端,255,255,6,0.000214,-0.142322,0.205100,1.000000,0.000000,0.000000,0.000000,1.000000,0.000000,0.000000,0.000000,1.000000,0.000000,-0.000000,-0.065000,0.000000
8,左大臂前摆,12,9,0,0.000214,0.033378,0.454200,1.000000,0.000000,0.000000,0.000000,1.000000,0.000000,0.000000,0.000000,1.000000,0.000000,-0.000000,-0.065000,0.000000
9,左大臂侧摆,255,10,8,0.000214,0.082678,0.454200,1.000000,0.000000,0.000000,0.000000,1.000000,0.000000,0.000000,0.000000,1.000000,0.000000,-0.000000,-0.065000,0.000000
10,左臂肘前摆,255,11,9,0.000214,0.082678,0.345100,1.000000,0.000000,0.000000,0.000000,1.000000,0.000000,0.000000,0.000000,1.000000,0.000000,-0.000000,-0.065000,0.000000
11,左手端,255,255,10,0.000214,0.082678,0.205100,1.000000,0.000000,0.000000,0.000000,1.000000,0.000000,0.000000,0.000000,1.000000,0.000000,-0.000000,-0.065000,0.000000
12,右髋前摆,19,13,0,0.000214,-0.082622,0.300000,0.942733,0.000000,-0.333549,0.000000,1.000000,0.000000,0.333549,0.000000,0.942733,-0.340065,-0.000000,-0.065000,0.000000
13,右髋侧摆,255,14,12,0.000214,-0.082622,0.300000,0.942733,-0.021726,-0.332840,0.000000,0.997876,-0.065137,0.333549,0.061407,0.940731,0.065183,-0.000000,-0.065000,0.000000
14,右髋旋转,255,15,13,0.036560,-0.075509,0.197272,0.942983,-0.000000,-0.332840,-0.022991,0.997611,-0.065137,0.332045,0.069076,0.940731,-0.023042,-0.000000,-0.065000,0.000000
15,右膝前摆,255,16,14,0.052103,-0.072467,0.153340,0.900819,-0.000000,0.434195,0.029992,0.997611,-0.062225,-0.433158,0.069076,0.898667,0.788459,-0.000000,-0.065000,0.000000
16,右踝前摆,255,17,15,-0.000000,-0.065000,0.045500,1.000000,-0.000000,0.000000,0.000000,0.997611,-0.069076,0.000000,0.069076,0.997611,-0.449144,-0.000000,-0.065000,0.000000
17,右踝侧摆,255,18,16,-0.000000,-0.065000,0.045500,1.000000,-0.000000,-0.000000,0.000000,1.000000,0.000000,0.000000,-0.000000,1.000000,-0.069131,-0.000000,-0.065000,0.000000
18,右脚端,255,255,17,-0.000000,-0.065000,-0.000000,1.000000,-0.000000,-0.000000,0.000000,1.000000,0.000000,0.000000,-0.000000,1.000000,0.000000,-0.000000,-0.065000,0.000000
19,左髋前摆,255,20,0,0.000214,0.022978,0.300000,0.949445,0.000000,-0.313933,0.000000,1.000000,0.000000,0.313933,0.000000,0.949445,-0.319332,-0.000000,-0.065000,0.000000
20,左髋侧摆,255,21,19,0.000214,0.022978,0.300000,0.949445,-0.048621,-0.310145,0.000000,0.987934,-0.154877,0.313933,0.147047,0.937989,0.155503,-0.000000,-0.065000,0.000000
21,左髋旋转,255,22,20,0.034081,0.039891,0.197572,0.950689,-0.000000,-0.310145,-0.050525,0.986641,-0.154877,0.306002,0.162910,0.937989,-0.051165,-0.000000,-0.065000,0.000000
22,左膝前摆,255,23,21,0.048565,0.047123,0.153768,0.914445,-0.000000,0.404709,0.065931,0.986641,-0.148972,-0.399303,0.162910,0.902229,0.732006,-0.000000,-0.065000,0.000000
23,左踝前摆,255,24,22,-0.000000,0.065000,0.045500,1.000000,-0.000000,0.000000,0.000000,0.986641,-0.162910,0.000000,0.162910,0.986641,-0.416661,-0.000000,-0.065000,0.000000
24,左踝侧摆,255,25,23,-0.000000,0.065000,0.045500,1.000000,-0.000000,-0.000000,0.000000,1.000000,0.000000,0.000000,-0.000000,1.000000,-0.163639,-0.000000,-0.065000,0.000000
25,左脚端,255,255,24,-0.000000,0.065000,-0.000000,1.000000,-0.000000,-0.000000,0.000000,1.000000,0.000000,0.000000,-0.000000,1.000000,0.000000,-0.000000,-0.065000,0.000000
0,主体,255,3,255,0.000350,-0.034292,0.350000,1.000000,0.000000,0.000000,0.000000,1.000000,0.000000,0.000000,0.000000,1.000000,0.000000,-0.000000,-0.065000,0.000000
1,头部,255,255,2,0.000350,-0.034292,0.555700,1.000000,0.000000,0.000000,0.000000,1.000000,0.000000,0.000000,0.000000,1.000000,0.000000,-0.000000,-0.065000,0.000000
2,颈前摆,255,1,3,0.000350,-0.034292,0.497200,1.000000,0.000000,0.000000,0.000000,1.000000,0.000000,0.000000,0.000000,1.000000,0.000000,-0.000000,-0.065000,0.000000
3,颈旋转,4,2,0,0.000350,-0.034292,0.454200,1.000000,0.000000,0.000000,0.000000,1.000000,0.000000,0.000000,0.000000,1.000000,0.000000,-0.000000,-0.065000,0.000000
4,右大臂前摆,8,5,0,0.000350,-0.097492,0.454200,0.999936,0.000000,-0.011274,0.000000,1.000000,0.000000,0.011274,0.000000,0.999936,-0.011274,-0.000000,-0.065000,0.000000
5,右大臂侧摆,255,6,4,0.000350,-0.146792,0.454200,0.999936,0.000000,-0.011274,0.000000,1.000000,0.000000,0.011274,0.000000,0.999936,0.000000,-0.000000,-0.065000,0.000000
6,右臂肘前摆,255,7,5,0.001580,-0.146792,0.345107,0.999936,0.000000,-0.011274,0.000000,1.000000,0.000000,0.011274,0.000000,0.999936,0.000000,-0.000000,-0.065000,0.000000
7,右手端,255,255,6,0.003159,-0.146792,0.205116,0.999936,0.000000,-0.011274,0.000000,1.000000,0.000000,0.011274,0.000000,0.999936,0.000000,-0.000000,-0.065000,0.000000
8,左大臂前摆,12,9,0,0.000350,0.028908,0.454200,0.999936,0.000000,0.011274,0.000000,1.000000,0.000000,-0.011274,0.000000,0.999936,0.011274,-0.000000,-0.065000,0.000000
9,左大臂侧摆,255,10,8,0.000350,0.078208,0.454200,0.999936,0.000000,0.011274,0.000000,1.000000,0.000000,-0.011274,0.000000,0.999936,0.000000,-0.000000,-0.065000,0.000000
10,左臂肘前摆,255,11,9,-0.000880,0.078208,0.345107,0.999936,0.000000,0.011274,0.000000,1.000000,0.000000,-0.011274,0.000000,0.999936,0.000000,-0.000000,-0.065000,0.000000
11,左手端,255,255,10,-0.002458,0.078208,0.205116,0.999936,0.000000,0.011274,0.000000,1.000000,0.000000,-0.011274,0.000000,0.999936,0.000000,-0.000000,-0.065000,0.000000
12,右髋前摆,19,13,0,0.000350,-0.087092,0.300000,0.943717,0.000000,-0.330754,0.000000,1.000000,0.000000,0.330754,0.000000,0.943717,-0.337103,-0.000000,-0.065000,0.000000
13,右髋侧摆,255,14,12,0.000350,-0.087092,0.300000,0.943717,-0.027005,-0.329650,0.000000,0.996661,-0.081647,0.330754,0.077052,0.940566,0.081738,-0.000000,-0.065000,0.000000
14,右髋旋转,255,15,13,0.036348,-0.078176,0.197290,0.944103,-0.000000,-0.329650,-0.028508,0.996254,-0.081647,0.328415,0.086481,0.940566,-0.028608,-0.000000,-0.065000,0.000000
15,右膝前摆,255,16,14,0.051743,-0.074363,0.153366,0.902261,-0.000000,0.431189,0.037290,0.996254,-0.078028,-0.429574,0.086481,0.898881,0.781743,-0.000000,-0.065000,0.000000
16,右踝前摆,255,17,15,-0.000000,-0.065000,0.045500,1.000000,-0.000000,0.000000,0.000000,0.996254,-0.086481,0.000000,0.086481,0.996254,-0.445811,-0.000000,-0.065000,0.000000
17,右踝侧摆,255,18,16,-0.000000,-0.065000,0.045500,1.000000,-0.000000,-0.000000,0.000000,1.000000,0.000000,0.000000,-0.000000,1.000000,-0.086589,-0.000000,-0.065000,0.000000
18,右脚端,255,255,17,-0.000000,-0.065000,-0.000000,1.000000,-0.000000,-0.000000,0.000000,1.000000,0.000000,0.000000,-0.000000,1.000000,0.000000,-0.000000,-0.065000,0.000000
19,左髋前摆,255,20,0,0.000350,0.018508,0.300000,0.950541,0.000000,-0.310598,0.000000,1.000000,0.000000,0.310598,0.000000,0.950541,-0.315822,-0.000000,-0.065000,0.000000
20,左髋侧摆,255,21,19,0.000350,0.018508,0.300000,0.950541,-0.053196,-0.306009,0.000000,0.985224,-0.171268,0.310598,0.162797,0.936497,0.172117,-0.000000,-0.065000,0.000000
21,左髋旋转,255,22,20,0.033766,0.037210,0.197735,0.952029,-0.000000,-0.306009,-0.055050,0.983685,-0.171268,0.301016,0.179898,0.936497,-0.055905,-0.000000,-0.065000,0.000000
22,左膝前摆,255,23,21,0.048057,0.045208,0.154000,0.916793,-0.000000,0.399362,0.071845,0.983685,-0.164929,-0.392846,0.179898,0.901836,0.721818,-0.000000,-0.065000,0.000000
23,左踝前摆,255,24,22,0.000134,0.065000,0.045780,1.000000,-0.000000,0.000000,0.000000,0.983685,-0.179898,0.000000,0.179898,0.983685,-0.410820,-0.000000,-0.065000,0.000000
24,左踝侧摆,255,25,23,0.000134,0.065000,0.045780,1.000000,-0.000000,-0.000000,0.000000,1.000000,0.000000,0.000000,-0.000000,1.000000,-0.180883,-0.000000,-0.065000,0.000000
25,左脚端,255,255,24,0.000134,0.065000,0.000280,1.000000,-0.000000,-0.000000,0.000000,1.000000,0.000000,0.000000,-0.000000,1.000000,0.000000,-0.000000,-0.065000,0.000000
0,主体,255,3,255,0.000525,-0.038179,0.350000,1.000000,0.000000,0.000000,0.000000,1.000000,0.000000,0.000000,0.000000,1.000000,0.000000,-0.000000,-0.065000,0.000000
1,头部,255,255,2,0.000525,-0.038179,0.555700,1.000000,0.000000,0.000000,0.000000,1.000000,0.000000,0.000000,0.000000,1.000000,0.000000,-0.000000,-0.065000,0.000000
2,颈前摆,255,1,3,0.000525,-0.038179,0.497200,1.000000,0.000000,0.000000,0.000000,1.000000,0.000000,0.000000,0.000000,1.000000,0.000000,-0.000000,-0.065000,0.000000
3,颈旋转,4,2,0,0.000525,-0.038179,0.454200,1.000000,0.000000,0.000000,0.000000,1.000000,0.000000,0.000000,0.000000,1.000000,0.000000,-0.000000,-0.065000,0.000000
4,右大臂前摆,8,5,0,0.000525,-0.101379,0.454200,0.999746,0.000000,-0.022546,0.000000,1.000000,0.000000,0.022546,0.000000,0.999746,-0.022548,-0.000000,-0.065000,0.000000
5,右大臂侧摆,255,6,4,0.000525,-0.150679,0.454200,0.999746,0.000000,-0.022546,0.000000,1.000000,0.000000,0.022546,0.000000,0.999746,0.000000,-0.000000,-0.065000,0.000000
6,右臂肘前摆,255,7,5,0.002985,-0.150679,0.345128,0.999746,0.000000,-0.022546,0.000000,1.000000,0.000000,0.022546,0.000000,0.999746,0.000000,-0.000000,-0.065000,0.000000
7,右手端,255,255,6,0.006141,-0.150679,0.205163,0.999746,0.000000,-0.022546,0.000000,1.000000,0.000000,0.022546,0.000000,0.999746,0.000000,-0.000000,-0.065000,0.000000
8,左大臂前摆,12,9,0,0.000525,0.025021,0.454200,0.999746,0.000000,0.022546,0.000000,1.000000,0.000000,-0.022546,0.000000,0.999746,0.022548,-0.000000,-0.065000,0.000000
9,左大臂侧摆,255,10,8,0.000525,0.074321,0.454200,0.999746,0.000000,0.022546,0.000000,1.000000,0.000000,-0.022546,0.000000,0.999746,0.000000,-0.000000,-0.065000,0.000000
10,左臂肘前摆,255,11,9,-0.001935,0.074321,0.345128,0.999746,0.000000,0.022546,0.000000,1.000000,0.000000,-0.022546,0.000000,0.999746,0.000000,-0.000000,-0.065000,0.000000
11,左手端,255,255,10,-0.005091,0.074321,0.205163,0.999746,0.000000,0.022546,0.000000,1.000000,0.000000,-0.022546,0.000000,0.999746,0.000000,-0.000000,-0.065000,0.000000
12,右髋前摆,19,13,0,0.000525,-0.090979,0.300000,0.944793,0.000000,-0.327667,0.000000,1.000000,0.000000,0.327667,0.000000,0.944793,-0.333833,-0.000000,-0.065000,0.000000
13,右髋侧摆,255,14,12,0.000525,-0.090979,0.300000,0.944793,-0.031455,-0.326154,0.000000,0.995382,-0.095996,0.327667,0.090696,0.940430,0.096144,-0.000000,-0.065000,0.000000
14,右髋旋转,255,15,13,0.036141,-0.080496,0.197305,0.945317,-0.000000,-0.326154,-0.033120,0.994831,-0.095996,0.324468,0.101549,0.940430,-0.033280,-0.000000,-0.065000,0.000000
15,右膝前摆,255,16,14,0.051372,-0.076013,0.153387,0.903730,-0.000000,0.428103,0.043474,0.994831,-0.091773,-0.425890,0.101549,0.899058,0.774625,-0.000000,-0.065000,0.000000
16,右踝前摆,255,17,15,-0.000000,-0.065000,0.045500,1.000000,-0.000000,0.000000,0.000000,0.994831,-0.101549,0.000000,0.101549,0.994831,-0.442393,-0.000000,-0.065000,0.000000
17,右踝侧摆,255,18,16,-0.000000,-0.065000,0.045500,1.000000,-0.000000,-0.000000,0.000000,1.000000,0.000000,0.000000,-0.000000,1.000000,-0.101724,-0.000000,-0.065000,0.000000
18,右脚端,255,255,17,-0.000000,-0.065000,-0.000000,1.000000,-0.000000,-0.000000,0.000000,1.000000,0.000000,0.000000,-0.000000,1.000000,0.000000,-0.000000,-0.065000,0.000000
19,左髋前摆,255,20,0,0.000525,0.014621,0.300000,0.946889,0.000000,-0.321562,0.000000,1.000000,0.000000,0.321562,0.000000,0.946889,-0.327378,-0.000000,-0.065000,0.000000
20,左髋侧摆,255,21,19,0.000525,0.014621,0.300000,0.946889,-0.059683,-0.315974,0.000000,0.982625,-0.185605,0.321562,0.175747,0.930436,0.186687,-0.000000,-0.065000,0.000000
21,左髋旋转,255,22,20,0.035029,0.034889,0.198396,0.948768,-0.000000,-0.315974,-0.061813,0.980678,-0.185605,0.309869,0.195627,0.930436,-0.062947,-0.000000,-0.065000,0.000000
22,左膝前摆,255,23,21,0.049785,0.043557,0.154945,0.913423,-0.000000,0.407012,0.079623,0.980678,-0.178690,-0.399148,0.195627,0.895774,0.740664,-0.000000,-0.065000,0.000000
23,左踝前摆,255,24,22,0.000944,0.065000,0.047452,1.000000,-0.000000,0.000000,0.000000,0.980678,-0.195627,0.000000,0.195627,0.980678,-0.419181,-0.000000,-0.065000,0.000000
24,左踝侧摆,255,25,23,0.000944,0.065000,0.047452,1.000000,-0.000000,-0.000000,0.000000,1.000000,0.000000,0.000000,-0.000000,1.000000,-0.196897,-0.000000,-0.065000,0.000000
25,左脚端,255,255,24,0.000944,0.065000,0.001952,1.000000,-0.000000,-0.000000,0.000000,1.000000,0.000000,0.000000,-0.000000,1.000000,0.000000,-0.000000,-0.065000,0.000000
0,主体,255,3,255,0.000739,-0.041460,0.350000,1.000000,0.000000,0.000000,0.000000,1.000000,0.000000,0.000000,0.000000,1.000000,0.000000,-0.000000,-0.065000,0.000000
1,头部,255,255,2,0.000739,-0.041460,0.555700,1.000000,0.000000,0.000000,0.000000,1.000000,0.000000,0.000000,0.000000,1.000000,0.000000,-0.000000,-0.065000,0.000000
2,颈前摆,255,1,3,0.000739,-0.041460,0.497200,1.000000,0.000000,0.000000,0.000000,1.000000,0.000000,0.000000,0.000000,1.000000,0.000000,-0.000000,-0.065000,0.000000
3,颈旋转,4,2,0,0.000739,-0.041460,0.454200,1.000000,0.000000,0.000000,0.000000,1.000000,0.000000,0.000000,0.000000,1.000000,0.000000,-0.000000,-0.065000,0.000000
4,右大臂前摆,8,5,0,0.000739,-0.104660,0.454200,0.999428,0.000000,-0.033815,0.000000,1.000000,0.000000,0.033815,0.000000,0.999428,-0.033822,-0.000000,-0.065000,0.000000
5,右大臂侧摆,255,6,4,0.000739,-0.153960,0.454200,0.999428,0.000000,-0.033815,0.000000,1.000000,0.000000,0.033815,0.000000,0.999428,0.000000,-0.000000,-0.065000,0.000000
6,右臂肘前摆,255,7,5,0.004428,-0.153960,0.345162,0.999428,0.000000,-0.033815,0.000000,1.000000,0.000000,0.033815,0.000000,0.999428,0.000000,-0.000000,-0.065000,0.000000
7,右手端,255,255,6,0.009162,-0.153960,0.205242,0.999428,0.000000,-0.033815,0.000000,1.000000,0.000000,0.033815,0.000000,0.999428,0.000000,-0.000000,-0.065000,0.000000
8,左大臂前摆,12,9,0,0.000739,0.021740,0.454200,0.999428,0.000000,0.033815,0.000000,1.000000,0.000000,-0.033815,0.000000,0.999428,0.033822,-0.000000,-0.065000,0.000000
9,左大臂侧摆,255,10,8,0.000739,0.071040,0.454200,0.999428,0.000000,0.033815,0.000000,1.000000,0.000000,-0.033815,0.000000,0.999428,0.000000,-0.000000,-0.065000,0.000000
10,左臂肘前摆,255,11,9,-0.002950,0.071040,0.345162,0.999428,0.000000,0.033815,0.000000,1.000000,0.000000,-0.033815,0.000000,0.999428,0.000000,-0.000000,-0.065000,0.000000
11,左手端,255,255,10,-0.007685,0.071040,0.205242,0.999428,0.000000,0.033815,0.000000,1.000000,0.000000,-0.033815,0.000000,0.999428,0.000000,-0.000000,-0.065000,0.000000
12,右髋前摆,19,13,0,0.000739,-0.094260,0.300000,0.945895,0.000000,-0.324474,0.000000,1.000000,0.000000,0.324474,0.000000,0.945895,-0.330455,-0.000000,-0.065000,0.000000
13,右髋侧摆,255,14,12,0.000739,-0.094260,0.300000,0.945895,-0.035080,-0.322572,0.000000,0.994139,-0.108114,0.324474,0.102264,0.940350,0.108325,-0.000000,-0.065000,0.000000
14,右髋旋转,255,15,13,0.035964,-0.082454,0.197314,0.946545,-0.000000,-0.322572,-0.036844,0.993456,-0.108114,0.320461,0.114219,0.940350,-0.037069,-0.000000,-0.065000,0.000000
15,右膝前摆,255,16,14,0.051028,-0.077405,0.153399,0.905085,-0.000000,0.425231,0.048570,0.993456,-0.103378,-0.422448,0.114219,0.899161,0.767663,-0.000000,-0.065000,0.000000
16,右踝前摆,255,17,15,-0.000000,-0.065000,0.045500,1.000000,-0.000000,0.000000,0.000000,0.993456,-0.114219,0.000000,0.114219,0.993456,-0.439217,-0.000000,-0.065000,0.000000
17,右踝侧摆,255,18,16,-0.000000,-0.065000,0.045500,1.000000,-0.000000,-0.000000,0.000000,1.000000,0.000000,0.000000,-0.000000,1.000000,-0.114469,-0.000000,-0.065000,0.000000
18,右脚端,255,255,17,-0.000000,-0.065000,-0.000000,1.000000,-0.000000,-0.000000,0.000000,1.000000,0.000000,0.000000,-0.000000,1.000000,0.000000,-0.000000,-0.065000,0.000000
19,左髋前摆,255,20,0,0.000739,0.011340,0.300000,0.935791,0.000000,-0.352556,0.000000,1.000000,0.000000,0.352556,0.000000,0.935791,-0.360302,-0.000000,-0.065000,0.000000
20,左髋侧摆,255,21,19,0.000739,0.011340,0.300000,0.935791,-0.069748,-0.345588,0.000000,0.980236,-0.197834,0.352556,0.185131,0.917295,0.199148,-0.000000,-0.065000,0.000000
21,左髋旋转,255,22,20,0.038477,0.032943,0.199831,0.938386,-0.000000,-0.345588,-0.072858,0.977524,-0.197834,0.337821,0.210823,0.917295,-0.074396,-0.000000,-0.065000,0.000000
22,左膝前摆,255,23,21,0.054616,0.042182,0.156994,0.901941,-0.000000,0.431859,0.091046,0.977524,-0.190150,-0.422152,0.210823,0.881669,0.799418,-0.000000,-0.065000,0.000000
23,左踝前摆,255,24,22,0.002793,0.065000,0.051193,1.000000,-0.000000,0.000000,0.000000,0.977524,-0.210823,0.000000,0.210823,0.977524,-0.446553,-0.000000,-0.065000,0.000000
24,左踝侧摆,255,25,23,0.002793,0.065000,0.051193,1.000000,-0.000000,-0.000000,0.000000,1.000000,0.000000,0.000000,-0.000000,1.000000,-0.212417,-0.000000,-0.065000,0.000000
25,左脚端,255,255,24,0.002793,0.065000,0.005693,1.000000,-0.000000,-0.000000,0.000000,1.000000,0.000000,0.000000,-0.000000,1.000000,0.000000,-0.000000,-0.065000,0.000000
0,主体,255,3,255,0.000994,-0.044166,0.350000,1.000000,0.000000,0.000000,0.000000,1.000000,0.000000,0.000000,0.000000,1.000000,0.000000,-0.000000,-0.065000,0.000000
1,头部,255,255,2,0.000994,-0.044166,0.555700,1.000000,0.000000,0.000000,0.000000,1.000000,0.000000,0.000000,0.000000,1.000000,0.000000,-0.000000,-0.065000,0.000000
2,颈前摆,255,1,3,0.000994,-0.044166,0.497200,1.000000,0.000000,0.000000,0.000000,1.000000,0.000000,0.000000,0.000000,1.000000,0.000000,-0.000000,-0.065000,0.000000
3,颈旋转,4,2,0,0.000994,-0.044166,0.454200,1.000000,0.000000,0.000000,0.000000,1.000000,0.000000,0.000000,0.000000,1.000000,0.000000,-0.000000,-0.065000,0.000000
4,右大臂前摆,8,5,0,0.000994,-0.107366,0.454200,0.998983,0.000000,-0.045080,0.000000,1.000000,0.000000,0.045080,0.000000,0.998983,-0.045095,-0.000000,-0.065000,0.000000
5,右大臂侧摆,255,6,4,0.000994,-0.156666,0.454200,0.998983,0.000000,-0.045080,0.000000,1.000000,0.000000,0.045080,0.000000,0.998983,0.000000,-0.000000,-0.065000,0.000000
6,右臂肘前摆,255,7,5,0.005912,-0.156666,0.345211,0.998983,0.000000,-0.045080,0.000000,1.000000,0.000000,0.045080,0.000000,0.998983,0.000000,-0.000000,-0.065000,0.000000
7,右手端,255,255,6,0.012223,-0.156666,0.205353,0.998983,0.000000,-0.045080,0.000000,1.000000,0.000000,0.045080,0.000000,0.998983,0.000000,-0.000000,-0.065000,0.000000
